0.100000 355.824559
0.107071 355.753929
0.114141 355.683300
0.121212 355.612671
0.128283 355.542041
0.135354 355.471412
0.142424 355.400783
0.149495 355.330153
0.156566 355.259524
0.163636 355.188894
0.170707 355.118265
0.177778 355.047636
0.184848 354.977006
0.191919 354.906377
0.198990 354.835747
0.206061 354.765118
0.213131 354.694489
0.220202 354.623859
0.227273 354.553230
0.234343 354.482601
0.241414 354.411971
0.248485 354.341342
0.255556 354.270712
0.262626 354.200083
0.269697 354.129453
0.276768 354.058824
0.283838 353.988194
0.290909 353.917565
0.297980 353.846935
0.305051 353.776306
0.312121 353.705676
0.319192 353.635046
0.326263 353.564416
0.333333 353.493786
0.340404 353.423156
0.347475 353.352525
0.354545 353.281894
0.361616 353.211262
0.368687 353.140630
0.375758 353.069997
0.382828 352.999362
0.389899 352.928726
0.396970 352.858088
0.404040 352.787447
0.411111 352.716801
0.418182 352.646150
0.425253 352.575492
0.432323 352.504823
0.439394 352.434140
0.446465 352.363437
0.453535 352.292708
0.460606 352.221941
0.467677 352.151121
0.474747 352.080228
0.481818 352.009232
0.488889 351.938089
0.495960 351.866738
0.503030 351.795093
0.510101 351.723028
0.517172 351.650360
0.524242 351.576830
0.531313 351.502058
0.538384 351.425497
0.545455 351.346351
0.552525 351.263465
0.559596 351.175157
0.566667 351.078977
0.573737 350.971349
0.580808 350.847055
0.587879 350.698471
0.594949 350.514448
0.602020 350.278675
0.609091 349.967271
0.616162 349.545265
0.623232 348.961414
0.630303 348.140612
0.637374 346.972757
0.644444 345.296402
0.651515 342.874798
0.658586 339.360749
0.665657 334.245099
0.672727 326.781213
0.679798 315.874254
0.686869 299.918684
0.693939 276.559300
0.701010 242.338560
0.708081 192.173530
0.715152 118.576527
0.722222 10.493761
0.729293 -148.408684
0.736364 -382.227405
0.743434 -726.378926
0.750505 -1232.798490
0.757576 -1977.748623
0.764646 -3073.435462
0.771717 -4684.970646
0.778788 -7055.227956
0.785859 -10541.434726
0.792929 -15669.010834
0.800000 -23210.758373
