0.310000 0.799270 0.799270 0.200730 0.200730 0.694520 0.694520
0.329710 0.789784 0.789784 0.210216 0.210216 0.702960 0.702960
0.349419 0.748976 0.748976 0.251024 0.251024 0.675288 0.675288
0.369129 0.665947 0.665947 0.334053 0.334053 0.609024 0.609024
0.388839 0.713826 0.713826 0.286174 0.286174 0.665732 0.665732
0.408549 0.758344 0.758344 0.241656 0.241656 0.716312 0.716312
0.428258 0.769555 0.769555 0.230445 0.230445 0.734134 0.734134
0.447968 0.788108 0.788108 0.211892 0.211892 0.756219 0.756219
0.467678 0.820190 0.820190 0.179810 0.179810 0.790551 0.790551
0.487387 0.835376 0.835376 0.164624 0.164624 0.808071 0.808071
0.507097 0.848789 0.848789 0.151211 0.151211 0.823515 0.823515
0.526807 0.863547 0.863547 0.136453 0.136453 0.840073 0.840073
0.546517 0.879715 0.879715 0.120285 0.120285 0.857374 0.857374
0.566226 0.897561 0.897561 0.102439 0.102439 0.876000 0.876000
0.585936 0.908922 0.908922 0.091080 0.091080 0.888303 0.888303
0.605646 0.917318 0.917318 0.082680 0.082680 0.897629 0.897629
0.625355 0.923462 0.923462 0.076535 0.076535 0.904801 0.904801
0.645065 0.933003 0.933003 0.066998 0.066998 0.915070 0.915070
0.664775 0.944464 0.944464 0.055537 0.055537 0.927127 0.927127
0.684484 0.950705 0.950705 0.049297 0.049297 0.934019 0.934019
0.704194 0.953104 0.953104 0.046893 0.046893 0.937106 0.937106
0.723904 0.957953 0.957953 0.042050 0.042050 0.942403 0.942403
0.743614 0.959579 0.959579 0.040421 0.040421 0.944529 0.944529
0.763323 0.960930 0.960930 0.039074 0.039074 0.946397 0.946397
0.783033 0.962818 0.962818 0.037182 0.037182 0.948437 0.948437
0.802743 0.965254 0.965254 0.034747 0.034747 0.951489 0.951489
0.822452 0.966653 0.966653 0.033350 0.033350 0.953272 0.953272
0.842162 0.966733 0.966733 0.033264 0.033264 0.953720 0.953720
0.861872 0.965460 0.965460 0.034538 0.034538 0.952793 0.952793
0.881582 0.964115 0.964115 0.035890 0.035890 0.951825 0.951825
0.901291 0.963218 0.963218 0.036782 0.036782 0.951213 0.951213
0.921001 0.965067 0.965067 0.034930 0.034930 0.952964 0.952964
0.940711 0.965153 0.965153 0.034843 0.034843 0.952073 0.952073
0.960420 0.964670 0.964670 0.035325 0.035325 0.948387 0.948387
0.980130 0.959045 0.959045 0.040952 0.040952 0.934947 0.934947
0.999840 0.943117 0.943117 0.056888 0.056888 0.904782 0.904782
1.019550 0.892945 0.892945 0.107056 0.107056 0.832400 0.832400
1.039259 0.797231 0.797231 0.202769 0.202769 0.704714 0.704714
1.058969 0.635060 0.635060 0.364940 0.364940 0.506872 0.506872
1.078679 0.498645 0.498645 0.501355 0.501355 0.345768 0.345768
1.098388 0.396050 0.396050 0.603950 0.603950 0.228647 0.228647
1.118098 0.299143 0.299143 0.700857 0.700857 0.133652 0.133652
1.137808 0.263757 0.263757 0.736243 0.736243 0.078915 0.078915
1.157518 0.209908 0.209908 0.790092 0.790092 0.032401 0.032401
1.177227 0.185471 0.185471 0.814529 0.814529 0.007403 0.007403
1.196937 0.174798 0.174798 0.825202 0.825202 0.001354 0.001354
1.216647 0.166685 0.166685 0.833315 0.833315 0.000477 0.000477
1.236356 0.160190 0.160190 0.839810 0.839810 0.000146 0.000146
1.256066 0.149424 0.149424 0.850576 0.850576 0.000027 0.000027
1.275776 0.143889 0.143889 0.856111 0.856111 0.000007 0.000007
1.295485 0.143523 0.143523 0.856477 0.856477 0.000002 0.000002
1.315195 0.136317 0.136317 0.863683 0.863683 0.000001 0.000001
1.334905 0.134658 0.134658 0.865342 0.865342 0.000000 0.000000
1.354615 0.130954 0.130954 0.869046 0.869046 0.000000 0.000000
1.374324 0.117104 0.117104 0.882896 0.882896 0.000000 0.000000
1.394034 0.109026 0.109026 0.890974 0.890974 0.000000 0.000000
1.413744 0.110368 0.110368 0.889632 0.889632 0.000000 0.000000
1.433453 0.114556 0.114556 0.885444 0.885444 0.000000 0.000000
1.453163 0.155970 0.155970 0.844030 0.844030 0.011693 0.011693
1.472873 0.150775 0.150775 0.849225 0.849225 0.011242 0.011242
1.492583 0.140609 0.140609 0.859391 0.859391 0.010606 0.010606
1.512292 0.139348 0.139348 0.860652 0.860652 0.010359 0.010359
1.532002 0.134311 0.134311 0.865689 0.865689 0.010011 0.010011
1.551712 0.127990 0.127990 0.872010 0.872010 0.009350 0.009350
1.571421 0.122558 0.122558 0.877442 0.877442 0.009308 0.009308
1.591131 0.131762 0.131762 0.868238 0.868238 0.010021 0.010021
1.610841 0.124881 0.124881 0.875119 0.875119 0.009437 0.009437
1.630551 0.127205 0.127205 0.872795 0.872795 0.009628 0.009628
1.650260 0.121392 0.121392 0.878608 0.878608 0.009123 0.009123
1.669970 0.118454 0.118454 0.881546 0.881546 0.008905 0.008905
1.689680 0.128591 0.128591 0.871409 0.871409 0.009594 0.009594
1.709389 0.114375 0.114375 0.885625 0.885625 0.008557 0.008557
1.729099 0.108518 0.108518 0.891482 0.891482 0.008078 0.008078
1.748809 0.106836 0.106836 0.893164 0.893164 0.007928 0.007928
1.768519 0.112557 0.112557 0.887443 0.887443 0.008377 0.008377
1.788228 0.104013 0.104013 0.895987 0.895987 0.007671 0.007671
1.807938 0.104111 0.104111 0.895889 0.895889 0.007661 0.007661
1.827648 0.102276 0.102276 0.897723 0.897723 0.007517 0.007517
1.847357 0.101426 0.101426 0.898574 0.898574 0.007448 0.007448
1.867067 0.098766 0.098766 0.901237 0.901237 0.007214 0.007214
1.886777 0.096191 0.096191 0.903812 0.903812 0.006979 0.006979
1.906486 0.095641 0.095641 0.904362 0.904362 0.006936 0.006936
1.926196 0.100530 0.100530 0.899471 0.899471 0.007289 0.007289
1.945906 0.107438 0.107438 0.892562 0.892562 0.007832 0.007832
1.965616 0.100583 0.100583 0.899417 0.899417 0.007248 0.007248
1.985325 0.099766 0.099766 0.900234 0.900234 0.007099 0.007099
2.005035 0.565612 0.565612 0.434388 0.434388 0.004202 0.004202
2.024745 0.578252 0.578252 0.421748 0.421748 0.004317 0.004317
2.044454 0.628371 0.628371 0.371629 0.371629 0.004598 0.004598
2.064164 0.643477 0.643477 0.356523 0.356523 0.004820 0.004820
2.083874 0.660211 0.660211 0.339789 0.339789 0.004797 0.004797
2.103584 0.656616 0.656616 0.343384 0.343384 0.004742 0.004742
2.123293 0.656787 0.656787 0.343213 0.343213 0.004848 0.004848
2.143003 0.663693 0.663693 0.336307 0.336307 0.004861 0.004861
2.162713 0.657891 0.657891 0.342109 0.342109 0.004691 0.004691
2.182422 0.637545 0.637545 0.362455 0.362455 0.004663 0.004663
2.202132 0.622897 0.622897 0.377103 0.377103 0.004625 0.004625
2.221842 0.617427 0.617427 0.382573 0.382573 0.004977 0.004977
2.241552 0.583664 0.583664 0.416336 0.416336 0.005199 0.005199
2.261261 0.562175 0.562175 0.437825 0.437825 0.005915 0.005915
2.280971 0.494579 0.494579 0.505421 0.505421 0.005885 0.005885
2.300681 0.440760 0.440760 0.559240 0.559240 0.005629 0.005629
2.320390 0.382640 0.382640 0.617360 0.617360 0.005973 0.005973
2.340100 0.334744 0.334744 0.665256 0.665256 0.006496 0.006496
2.359810 0.259075 0.259075 0.740925 0.740925 0.006473 0.006473
2.379520 0.261947 0.261947 0.738053 0.738053 0.010590 0.010590
2.399229 0.110319 0.110319 0.889681 0.889681 0.007980 0.007980
2.418939 0.113014 0.113014 0.886986 0.886986 0.008574 0.008574
2.438649 0.122501 0.122501 0.877499 0.877499 0.009236 0.009236
2.458358 0.130711 0.130711 0.869289 0.869289 0.010060 0.010060
2.478068 0.107417 0.107417 0.892583 0.892583 0.008096 0.008096
2.497778 0.125397 0.125397 0.874603 0.874603 0.009513 0.009513
2.517487 0.124383 0.124383 0.875617 0.875617 0.008929 0.008929
2.537197 0.112492 0.112492 0.887511 0.887511 0.007422 0.007422
2.556907 0.104703 0.104703 0.895297 0.895297 0.006232 0.006232
2.576617 0.114318 0.114318 0.885682 0.885682 0.006268 0.006268
2.596326 0.119150 0.119150 0.880850 0.880850 0.005970 0.005970
2.616036 0.232095 0.232095 0.767905 0.767905 0.003667 0.003667
2.635746 0.340956 0.340956 0.659044 0.659044 0.002454 0.002454
2.655455 0.428530 0.428530 0.571470 0.571470 0.001886 0.001886
2.675165 0.485346 0.485346 0.514654 0.514654 0.001430 0.001430
2.694875 0.543434 0.543434 0.456566 0.456566 0.001042 0.001042
2.714585 0.590075 0.590075 0.409925 0.409925 0.000762 0.000762
2.734294 0.625944 0.625944 0.374056 0.374056 0.000678 0.000678
2.754004 0.661581 0.661581 0.338419 0.338419 0.000645 0.000645
2.773714 0.690576 0.690576 0.309424 0.309424 0.000611 0.000611
2.793423 0.718408 0.718408 0.281592 0.281592 0.000584 0.000584
2.813133 0.707310 0.707310 0.292690 0.292690 0.000602 0.000602
2.832843 0.672604 0.672604 0.327396 0.327396 0.000652 0.000652
2.852553 0.636769 0.636769 0.363231 0.363231 0.000692 0.000692
2.872262 0.597188 0.597188 0.402812 0.402812 0.000759 0.000759
2.891972 0.546958 0.546958 0.453042 0.453042 0.000811 0.000811
2.911682 0.497742 0.497742 0.502258 0.502258 0.000859 0.000859
2.931391 0.443477 0.443477 0.556523 0.556523 0.000934 0.000934
2.951101 0.382228 0.382228 0.617772 0.617772 0.001033 0.001033
2.970811 0.313954 0.313954 0.686046 0.686046 0.001108 0.001108
2.990521 0.229722 0.229722 0.770278 0.770278 0.001158 0.001158
3.010230 0.205168 0.205168 0.794832 0.794832 0.001192 0.001192
3.029940 0.227163 0.227163 0.772837 0.772837 0.001172 0.001172
3.049650 0.241937 0.241937 0.758063 0.758063 0.001163 0.001163
3.069359 0.254067 0.254067 0.745933 0.745933 0.001143 0.001143
3.089069 0.258396 0.258396 0.741604 0.741604 0.001145 0.001145
3.108779 0.275863 0.275863 0.724137 0.724137 0.001137 0.001137
3.128488 0.295151 0.295151 0.704849 0.704849 0.001139 0.001139
3.148198 0.313746 0.313746 0.686254 0.686254 0.001137 0.001137
3.167908 0.333003 0.333003 0.666997 0.666997 0.001130 0.001130
3.187618 0.350189 0.350189 0.649811 0.649811 0.001132 0.001132
3.207327 0.485746 0.485746 0.514254 0.514254 0.001006 0.001006
3.227037 0.715661 0.715661 0.284339 0.284339 0.000743 0.000743
3.246747 0.835076 0.835076 0.164924 0.164924 0.000547 0.000547
3.266456 0.899961 0.899961 0.100040 0.100040 0.000408 0.000408
3.286166 0.934463 0.934463 0.065537 0.065537 0.000307 0.000307
3.305876 0.953529 0.953529 0.046471 0.046471 0.000230 0.000230
3.325586 0.964311 0.964311 0.035690 0.035690 0.000173 0.000173
3.345295 0.970504 0.970504 0.029496 0.029496 0.000131 0.000131
3.365005 0.974086 0.974086 0.025913 0.025913 0.000099 0.000099
3.384715 0.976335 0.976335 0.023666 0.023666 0.000076 0.000076
3.404424 0.977373 0.977373 0.022627 0.022627 0.000067 0.000067
3.424134 0.976283 0.976283 0.023719 0.023719 0.000092 0.000092
3.443844 0.973912 0.973912 0.026087 0.026087 0.000127 0.000127
3.463554 0.969213 0.969213 0.030785 0.030785 0.000174 0.000174
3.483263 0.960385 0.960385 0.039612 0.039612 0.000239 0.000239
3.502973 0.944119 0.944119 0.055883 0.055883 0.000327 0.000327
3.522683 0.914639 0.914639 0.085360 0.085360 0.000444 0.000444
3.542392 0.861631 0.861631 0.138369 0.138369 0.000612 0.000612
3.562102 0.765982 0.765982 0.234018 0.234018 0.000823 0.000823
3.581812 0.597916 0.597916 0.402084 0.402084 0.001113 0.001113
3.601522 0.331525 0.331525 0.668475 0.668475 0.001475 0.001475
3.621231 0.330421 0.330421 0.669579 0.669579 0.001505 0.001505
3.640941 0.329414 0.329414 0.670586 0.670586 0.001513 0.001513
3.660651 0.328042 0.328042 0.671958 0.671958 0.001531 0.001531
3.680360 0.326866 0.326866 0.673134 0.673134 0.001558 0.001558
3.700070 0.325897 0.325897 0.674103 0.674103 0.001579 0.001579
3.719780 0.324139 0.324139 0.675861 0.675861 0.001587 0.001587
3.739489 0.322596 0.322596 0.677404 0.677404 0.001611 0.001611
3.759199 0.321302 0.321302 0.678698 0.678698 0.001621 0.001621
3.778909 0.320907 0.320907 0.679093 0.679093 0.001653 0.001653
3.798619 0.319330 0.319330 0.680670 0.680670 0.001675 0.001675
3.818328 0.318477 0.318477 0.681523 0.681523 0.001690 0.001690
3.838038 0.317020 0.317020 0.682980 0.682980 0.001714 0.001714
3.857748 0.315445 0.315445 0.684555 0.684555 0.001722 0.001722
3.877457 0.314778 0.314778 0.685222 0.685222 0.001745 0.001745
3.897167 0.313896 0.313896 0.686104 0.686104 0.001769 0.001769
3.916877 0.312727 0.312727 0.687273 0.687273 0.001786 0.001786
3.936587 0.311497 0.311497 0.688503 0.688503 0.001802 0.001802
3.956296 0.310264 0.310264 0.689736 0.689736 0.001826 0.001826
3.976006 0.309084 0.309084 0.690916 0.690916 0.001841 0.001841
3.995716 0.307527 0.307527 0.692473 0.692473 0.001860 0.001860
4.015425 0.306646 0.306646 0.693354 0.693354 0.001878 0.001878
4.035135 0.305583 0.305583 0.694417 0.694417 0.001905 0.001905
4.054845 0.304573 0.304573 0.695427 0.695427 0.001937 0.001937
4.074555 0.303308 0.303308 0.696692 0.696692 0.001953 0.001953
4.094264 0.302502 0.302502 0.697498 0.697498 0.001982 0.001982
4.113974 0.301556 0.301556 0.698444 0.698444 0.002015 0.002015
4.133684 0.300384 0.300384 0.699616 0.699616 0.002037 0.002037
4.153393 0.299204 0.299204 0.700796 0.700796 0.002056 0.002056
4.173103 0.298306 0.298306 0.701694 0.701694 0.002092 0.002092
4.192813 0.297275 0.297275 0.702725 0.702725 0.002122 0.002122
4.212523 0.296153 0.296153 0.703847 0.703847 0.002140 0.002140
4.232232 0.295042 0.295042 0.704958 0.704958 0.002160 0.002160
4.251942 0.294349 0.294349 0.705651 0.705651 0.002195 0.002195
4.271652 0.293544 0.293544 0.706456 0.706456 0.002227 0.002227
4.291361 0.291870 0.291870 0.708130 0.708130 0.002236 0.002236
4.311071 0.291601 0.291601 0.708399 0.708399 0.002286 0.002286
4.330781 0.289980 0.289980 0.710020 0.710020 0.002291 0.002291
4.350490 0.289354 0.289354 0.710646 0.710646 0.002326 0.002326
4.370200 0.288353 0.288353 0.711647 0.711647 0.002362 0.002362
4.389910 0.287663 0.287663 0.712337 0.712337 0.002393 0.002393
4.409620 0.286515 0.286515 0.713485 0.713485 0.002415 0.002415
4.429329 0.285194 0.285194 0.714806 0.714806 0.002429 0.002429
4.449039 0.284210 0.284210 0.715790 0.715790 0.002448 0.002448
4.468749 0.283728 0.283728 0.716272 0.716272 0.002494 0.002494
4.488458 0.282636 0.282636 0.717364 0.717364 0.002507 0.002507
4.508168 0.282036 0.282036 0.717964 0.717964 0.002548 0.002548
4.527878 0.280911 0.280911 0.719089 0.719089 0.002560 0.002560
4.547588 0.279835 0.279835 0.720165 0.720165 0.002583 0.002583
4.567297 0.279119 0.279119 0.720881 0.720881 0.002621 0.002621
4.587007 0.277981 0.277981 0.722019 0.722019 0.002648 0.002648
4.606717 0.277191 0.277191 0.722809 0.722809 0.002673 0.002673
4.626426 0.276340 0.276340 0.723660 0.723660 0.002695 0.002695
4.646136 0.275585 0.275585 0.724415 0.724415 0.002728 0.002728
4.665846 0.274646 0.274646 0.725354 0.725354 0.002761 0.002761
4.685556 0.273767 0.273767 0.726233 0.726233 0.002779 0.002779
4.705265 0.272918 0.272918 0.727082 0.727082 0.002812 0.002812
4.724975 0.272092 0.272092 0.727908 0.727908 0.002840 0.002840
4.744685 0.271037 0.271037 0.728963 0.728963 0.002856 0.002856
4.764394 0.270494 0.270494 0.729506 0.729506 0.002895 0.002895
4.784104 0.269683 0.269683 0.730317 0.730317 0.002934 0.002934
4.803814 0.268944 0.268944 0.731056 0.731056 0.002961 0.002961
4.823524 0.268094 0.268094 0.731906 0.731906 0.002990 0.002990
4.843233 0.267227 0.267227 0.732773 0.732773 0.003017 0.003017
4.862943 0.266308 0.266308 0.733692 0.733692 0.003040 0.003040
4.882653 0.265295 0.265295 0.734705 0.734705 0.003047 0.003047
4.902362 0.264822 0.264822 0.735178 0.735178 0.003098 0.003098
4.922072 0.263953 0.263953 0.736047 0.736047 0.003120 0.003120
4.941782 0.263152 0.263152 0.736848 0.736848 0.003147 0.003147
4.961491 0.262356 0.262356 0.737644 0.737644 0.003179 0.003179
4.981201 0.261817 0.261817 0.738183 0.738183 0.003215 0.003215
5.000911 0.260656 0.260656 0.739344 0.739344 0.003217 0.003217
5.020621 0.259931 0.259931 0.740069 0.740069 0.003258 0.003258
5.040330 0.259206 0.259206 0.740794 0.740794 0.003300 0.003300
5.060040 0.258481 0.258481 0.741519 0.741519 0.003341 0.003341
5.079750 0.257755 0.257755 0.742245 0.742245 0.003382 0.003382
5.099459 0.257030 0.257030 0.742970 0.742970 0.003424 0.003424
5.119169 0.256358 0.256358 0.743642 0.743642 0.003460 0.003460
5.138879 0.255688 0.255688 0.744312 0.744312 0.003496 0.003496
5.158589 0.255018 0.255018 0.744982 0.744982 0.003532 0.003532
5.178298 0.254348 0.254348 0.745652 0.745652 0.003568 0.003568
5.198008 0.253678 0.253678 0.746322 0.746322 0.003604 0.003604
5.217718 0.255043 0.255043 0.744957 0.744957 0.003625 0.003625
5.237427 0.256638 0.256638 0.743362 0.743362 0.003644 0.003644
5.257137 0.258232 0.258232 0.741768 0.741768 0.003663 0.003663
5.276847 0.259827 0.259827 0.740173 0.740173 0.003683 0.003683
5.296557 0.261421 0.261421 0.738579 0.738579 0.003702 0.003702
5.316266 0.263037 0.263037 0.736963 0.736963 0.003729 0.003729
5.335976 0.264657 0.264657 0.735343 0.735343 0.003756 0.003756
5.355686 0.266277 0.266277 0.733723 0.733723 0.003784 0.003784
5.375395 0.267898 0.267898 0.732102 0.732102 0.003812 0.003812
5.395105 0.269518 0.269518 0.730482 0.730482 0.003840 0.003840
5.414815 0.318535 0.318535 0.681465 0.681465 0.003715 0.003715
5.434525 0.383212 0.383212 0.616788 0.616788 0.003540 0.003540
5.454234 0.447890 0.447890 0.552110 0.552110 0.003364 0.003364
5.473944 0.512567 0.512567 0.487433 0.487433 0.003189 0.003189
5.493654 0.577244 0.577244 0.422756 0.422756 0.003014 0.003014
5.513363 0.621413 0.621413 0.378587 0.378587 0.002870 0.002870
5.533073 0.655842 0.655842 0.344158 0.344158 0.002741 0.002741
5.552783 0.690271 0.690271 0.309729 0.309729 0.002613 0.002613
5.572492 0.724700 0.724700 0.275300 0.275300 0.002484 0.002484
5.592202 0.759129 0.759129 0.240871 0.240871 0.002355 0.002355
5.611912 0.799476 0.799476 0.200524 0.200524 0.002030 0.002030
5.631622 0.843696 0.843696 0.156303 0.156303 0.001576 0.001576
5.651331 0.887917 0.887917 0.112082 0.112082 0.001122 0.001122
5.671041 0.932138 0.932138 0.067861 0.067861 0.000668 0.000668
5.690751 0.976358 0.976358 0.023640 0.023640 0.000214 0.000214
5.710460 0.996949 0.996949 0.003050 0.003050 0.000001 0.000001
5.730170 0.996645 0.996645 0.003354 0.003354 0.000001 0.000001
5.749880 0.996342 0.996342 0.003658 0.003658 0.000001 0.000001
5.769590 0.996038 0.996038 0.003962 0.003962 0.000000 0.000000
5.789299 0.995735 0.995735 0.004266 0.004266 0.000000 0.000000
5.809009 0.995618 0.995618 0.004383 0.004383 0.000000 0.000000
5.828719 0.995722 0.995722 0.004278 0.004278 0.000000 0.000000
5.848428 0.995827 0.995827 0.004173 0.004173 0.000001 0.000001
5.868138 0.995931 0.995931 0.004069 0.004069 0.000001 0.000001
5.887848 0.996036 0.996036 0.003964 0.003964 0.000001 0.000001
5.907558 0.993682 0.993682 0.006317 0.006317 0.000075 0.000075
5.927267 0.987374 0.987374 0.012625 0.012625 0.000267 0.000267
5.946977 0.981067 0.981067 0.018932 0.018932 0.000459 0.000459
5.966687 0.974760 0.974760 0.025239 0.025239 0.000652 0.000652
5.986396 0.968453 0.968453 0.031546 0.031546 0.000844 0.000844
6.006106 0.960873 0.960873 0.039126 0.039126 0.001021 0.001021
6.025816 0.950456 0.950456 0.049542 0.049542 0.001165 0.001165
6.045526 0.940040 0.940040 0.059959 0.059959 0.001309 0.001309
6.065235 0.929623 0.929623 0.070375 0.070375 0.001453 0.001453
6.084945 0.919207 0.919207 0.080792 0.080792 0.001596 0.001596
6.104655 0.905048 0.905048 0.094950 0.094950 0.001762 0.001762
6.124364 0.878787 0.878787 0.121212 0.121212 0.001997 0.001997
6.144074 0.852526 0.852526 0.147473 0.147473 0.002231 0.002231
6.163784 0.826264 0.826264 0.173735 0.173735 0.002466 0.002466
6.183493 0.800003 0.800003 0.199996 0.199996 0.002701 0.002701
6.203203 0.776723 0.776723 0.223277 0.223277 0.002914 0.002914
6.222913 0.768801 0.768801 0.231199 0.231199 0.003010 0.003010
6.242623 0.760880 0.760880 0.239120 0.239120 0.003107 0.003107
6.262332 0.752959 0.752959 0.247041 0.247041 0.003204 0.003204
6.282042 0.745037 0.745037 0.254963 0.254963 0.003301 0.003301
6.301752 0.736999 0.736999 0.263001 0.263001 0.003400 0.003400
6.321461 0.727759 0.727759 0.272241 0.272241 0.003528 0.003528
6.341171 0.718519 0.718519 0.281481 0.281481 0.003656 0.003656
6.360881 0.709279 0.709279 0.290721 0.290721 0.003784 0.003784
6.380591 0.700039 0.700039 0.299961 0.299961 0.003912 0.003912
6.400300 0.690816 0.690816 0.309184 0.309184 0.004040 0.004040
6.420010 0.682660 0.682660 0.317340 0.317340 0.004164 0.004164
6.439720 0.674504 0.674504 0.325496 0.325496 0.004288 0.004288
6.459429 0.666348 0.666348 0.333652 0.333652 0.004412 0.004412
6.479139 0.658192 0.658192 0.341808 0.341808 0.004537 0.004537
6.498849 0.650036 0.650036 0.349964 0.349964 0.004661 0.004661
6.518559 0.641457 0.641457 0.358543 0.358543 0.004792 0.004792
6.538268 0.632852 0.632852 0.367148 0.367148 0.004923 0.004923
6.557978 0.624247 0.624247 0.375753 0.375753 0.005055 0.005055
6.577688 0.615642 0.615642 0.384358 0.384358 0.005186 0.005186
6.597397 0.607036 0.607036 0.392964 0.392964 0.005318 0.005318
6.617107 0.664901 0.664901 0.335099 0.335099 0.004851 0.004851
6.636817 0.732878 0.732878 0.267123 0.267123 0.004293 0.004293
6.656527 0.800854 0.800854 0.199146 0.199146 0.003735 0.003735
6.676236 0.868831 0.868831 0.131170 0.131170 0.003177 0.003177
6.695946 0.936808 0.936808 0.063193 0.063193 0.002619 0.002619
6.715656 0.956659 0.956659 0.043341 0.043341 0.002355 0.002355
6.735365 0.964048 0.964048 0.035951 0.035951 0.002168 0.002168
6.755075 0.971438 0.971438 0.028562 0.028562 0.001981 0.001981
6.774785 0.978827 0.978827 0.021172 0.021172 0.001794 0.001794
6.794494 0.986216 0.986216 0.013782 0.013782 0.001607 0.001607
6.814204 0.988685 0.988685 0.011314 0.011314 0.001511 0.001511
6.833914 0.989247 0.989247 0.010753 0.010753 0.001451 0.001451
6.853624 0.989808 0.989808 0.010192 0.010192 0.001391 0.001391
6.873333 0.990370 0.990370 0.009631 0.009631 0.001331 0.001331
6.893043 0.990932 0.990932 0.009070 0.009070 0.001271 0.001271
6.912753 0.991221 0.991221 0.008781 0.008781 0.001184 0.001184
6.932462 0.991360 0.991360 0.008642 0.008642 0.001083 0.001083
6.952172 0.991500 0.991500 0.008502 0.008502 0.000983 0.000983
6.971882 0.991640 0.991640 0.008363 0.008363 0.000882 0.000882
6.991592 0.991780 0.991780 0.008223 0.008223 0.000781 0.000781
7.011301 0.991765 0.991765 0.008238 0.008238 0.000729 0.000729
7.031011 0.991635 0.991635 0.008369 0.008369 0.000714 0.000714
7.050721 0.991505 0.991505 0.008499 0.008499 0.000698 0.000698
7.070430 0.991375 0.991375 0.008629 0.008629 0.000682 0.000682
7.090140 0.991245 0.991245 0.008760 0.008760 0.000666 0.000666
7.109850 0.991116 0.991116 0.008888 0.008888 0.000655 0.000655
7.129560 0.990988 0.990988 0.009015 0.009015 0.000650 0.000650
7.149269 0.990860 0.990860 0.009142 0.009142 0.000645 0.000645
7.168979 0.990732 0.990732 0.009269 0.009269 0.000640 0.000640
7.188689 0.990604 0.990604 0.009396 0.009396 0.000635 0.000635
7.208398 0.990502 0.990502 0.009496 0.009496 0.000633 0.000633
7.228108 0.990437 0.990437 0.009561 0.009561 0.000635 0.000635
7.247818 0.990372 0.990372 0.009626 0.009626 0.000636 0.000636
7.267528 0.990307 0.990307 0.009691 0.009691 0.000638 0.000638
7.287237 0.990242 0.990242 0.009755 0.009755 0.000640 0.000640
7.306947 0.990171 0.990171 0.009827 0.009827 0.000641 0.000641
7.326657 0.990088 0.990088 0.009911 0.009911 0.000643 0.000643
7.346366 0.990005 0.990005 0.009995 0.009995 0.000645 0.000645
7.366076 0.989922 0.989922 0.010079 0.010079 0.000646 0.000646
7.385786 0.989840 0.989840 0.010162 0.010162 0.000648 0.000648
7.405495 0.989797 0.989797 0.010206 0.010206 0.000640 0.000640
7.425205 0.989858 0.989858 0.010145 0.010145 0.000608 0.000608
7.444915 0.989919 0.989919 0.010084 0.010084 0.000575 0.000575
7.464625 0.989980 0.989980 0.010023 0.010023 0.000542 0.000542
7.484334 0.990041 0.990041 0.009962 0.009962 0.000509 0.000509
7.504044 0.990090 0.990090 0.009913 0.009913 0.000479 0.000479
7.523754 0.990090 0.990090 0.009912 0.009912 0.000455 0.000455
7.543463 0.990090 0.990090 0.009910 0.009910 0.000431 0.000431
7.563173 0.990090 0.990090 0.009909 0.009909 0.000408 0.000408
7.582883 0.990090 0.990090 0.009908 0.009908 0.000384 0.000384
7.602593 0.990084 0.990084 0.009913 0.009913 0.000355 0.000355
7.622302 0.990039 0.990039 0.009959 0.009959 0.000289 0.000289
7.642012 0.989993 0.989993 0.010005 0.010005 0.000224 0.000224
7.661722 0.989948 0.989948 0.010052 0.010052 0.000158 0.000158
7.681431 0.989903 0.989903 0.010098 0.010098 0.000092 0.000092
7.701141 0.989853 0.989853 0.010149 0.010149 0.000030 0.000030
7.720851 0.989737 0.989737 0.010265 0.010265 0.000025 0.000025
7.740561 0.989621 0.989621 0.010382 0.010382 0.000019 0.000019
7.760270 0.989504 0.989504 0.010499 0.010499 0.000014 0.000014
7.779980 0.989388 0.989388 0.010615 0.010615 0.000008 0.000008
7.799690 0.989272 0.989272 0.010732 0.010732 0.000003 0.000003
7.819399 0.989066 0.989066 0.010938 0.010938 0.000002 0.000002
7.839109 0.988859 0.988859 0.011145 0.011145 0.000002 0.000002
7.858819 0.988652 0.988652 0.011352 0.011352 0.000002 0.000002
7.878529 0.988445 0.988445 0.011559 0.011559 0.000001 0.000001
7.898238 0.988238 0.988238 0.011766 0.011766 0.000001 0.000001
7.917948 0.988023 0.988023 0.011981 0.011981 0.000001 0.000001
7.937658 0.987806 0.987806 0.012197 0.012197 0.000001 0.000001
7.957367 0.987589 0.987589 0.012414 0.012414 0.000001 0.000001
7.977077 0.987372 0.987372 0.012630 0.012630 0.000001 0.000001
7.996787 0.987155 0.987155 0.012847 0.012847 0.000001 0.000001
8.016496 0.987042 0.987042 0.012960 0.012960 0.000001 0.000001
8.036206 0.986950 0.986950 0.013053 0.013053 0.000001 0.000001
8.055916 0.986857 0.986857 0.013145 0.013145 0.000002 0.000002
8.075626 0.986765 0.986765 0.013238 0.013238 0.000002 0.000002
8.095335 0.986672 0.986672 0.013331 0.013331 0.000003 0.000003
8.115045 0.986569 0.986569 0.013433 0.013433 0.000004 0.000004
8.134755 0.986462 0.986462 0.013538 0.013538 0.000006 0.000006
8.154464 0.986356 0.986356 0.013643 0.013643 0.000008 0.000008
8.174174 0.986249 0.986249 0.013748 0.013748 0.000010 0.000010
8.193884 0.986143 0.986143 0.013853 0.013853 0.000012 0.000012
8.213594 0.985914 0.985914 0.014082 0.014082 0.000011 0.000011
8.233303 0.985630 0.985630 0.014366 0.014366 0.000009 0.000009
8.253013 0.985347 0.985347 0.014649 0.014649 0.000006 0.000006
8.272723 0.985063 0.985063 0.014933 0.014933 0.000004 0.000004
8.292432 0.984779 0.984779 0.015217 0.015217 0.000002 0.000002
8.312142 0.984462 0.984462 0.015534 0.015534 0.000001 0.000001
8.331852 0.984125 0.984125 0.015872 0.015872 0.000000 0.000000
8.351562 0.983788 0.983788 0.016209 0.016209 0.000000 0.000000
8.371271 0.983451 0.983451 0.016547 0.016547 0.000000 0.000000
8.390981 0.983114 0.983114 0.016885 0.016885 0.000000 0.000000
8.410691 0.982771 0.982771 0.017228 0.017228 0.000000 0.000000
8.430400 0.982422 0.982422 0.017577 0.017577 0.000000 0.000000
8.450110 0.982073 0.982073 0.017926 0.017926 0.000000 0.000000
8.469820 0.981724 0.981724 0.018276 0.018276 0.000000 0.000000
8.489530 0.981375 0.981375 0.018625 0.018625 0.000000 0.000000
8.509239 0.981020 0.981020 0.018980 0.018980 0.000000 0.000000
8.528949 0.980657 0.980657 0.019343 0.019343 0.000000 0.000000
8.548659 0.980295 0.980295 0.019705 0.019705 0.000000 0.000000
8.568368 0.979932 0.979932 0.020068 0.020068 0.000000 0.000000
8.588078 0.979569 0.979569 0.020431 0.020431 0.000000 0.000000
8.607788 0.979327 0.979327 0.020673 0.020673 0.000000 0.000000
8.627497 0.979270 0.979270 0.020730 0.020730 0.000000 0.000000
8.647207 0.979213 0.979213 0.020787 0.020787 0.000000 0.000000
8.666917 0.979156 0.979156 0.020844 0.020844 0.000000 0.000000
8.686627 0.979099 0.979099 0.020901 0.020901 0.000000 0.000000
8.706336 0.979038 0.979038 0.020961 0.020961 0.000001 0.000001
8.726046 0.978971 0.978971 0.021028 0.021028 0.000001 0.000001
8.745756 0.978904 0.978904 0.021094 0.021094 0.000001 0.000001
8.765465 0.978837 0.978837 0.021160 0.021160 0.000002 0.000002
8.785175 0.978770 0.978770 0.021226 0.021226 0.000002 0.000002
8.804885 0.978730 0.978730 0.021266 0.021266 0.000004 0.000004
8.824595 0.978772 0.978772 0.021224 0.021224 0.000009 0.000009
8.844304 0.978813 0.978813 0.021183 0.021183 0.000014 0.000014
8.864014 0.978854 0.978854 0.021142 0.021142 0.000020 0.000020
8.883724 0.978896 0.978896 0.021100 0.021100 0.000025 0.000025
8.903433 0.978933 0.978933 0.021063 0.021063 0.000041 0.000041
8.923143 0.978951 0.978951 0.021047 0.021047 0.000106 0.000106
8.942853 0.978969 0.978969 0.021031 0.021031 0.000171 0.000171
8.962563 0.978986 0.978986 0.021015 0.021015 0.000236 0.000236
8.982272 0.979004 0.979004 0.020999 0.020999 0.000301 0.000301
9.001982 0.979013 0.979013 0.020991 0.020991 0.000356 0.000356
9.021692 0.978946 0.978946 0.021057 0.021057 0.000326 0.000326
9.041401 0.978879 0.978879 0.021124 0.021124 0.000297 0.000297
9.061111 0.978812 0.978812 0.021191 0.021191 0.000267 0.000267
9.080821 0.978745 0.978745 0.021257 0.021257 0.000237 0.000237
9.100531 0.978678 0.978678 0.021324 0.021324 0.000208 0.000208
9.120240 0.978615 0.978615 0.021386 0.021386 0.000199 0.000199
9.139950 0.978552 0.978552 0.021449 0.021449 0.000190 0.000190
9.159660 0.978489 0.978489 0.021512 0.021512 0.000180 0.000180
9.179369 0.978426 0.978426 0.021574 0.021574 0.000171 0.000171
9.199079 0.978363 0.978363 0.021637 0.021637 0.000162 0.000162
9.218789 0.978249 0.978249 0.021752 0.021752 0.000155 0.000155
9.238498 0.978133 0.978133 0.021869 0.021869 0.000147 0.000147
9.258208 0.978017 0.978017 0.021986 0.021986 0.000140 0.000140
9.277918 0.977900 0.977900 0.022104 0.022104 0.000133 0.000133
9.297628 0.977784 0.977784 0.022221 0.022221 0.000125 0.000125
9.317337 0.977668 0.977668 0.022337 0.022337 0.000119 0.000119
9.337047 0.977551 0.977551 0.022452 0.022452 0.000114 0.000114
9.356757 0.977435 0.977435 0.022568 0.022568 0.000108 0.000108
9.376466 0.977319 0.977319 0.022684 0.022684 0.000102 0.000102
9.396176 0.977203 0.977203 0.022800 0.022800 0.000096 0.000096
9.415886 0.977082 0.977082 0.022920 0.022920 0.000090 0.000090
9.435596 0.976959 0.976959 0.023041 0.023041 0.000084 0.000084
9.455305 0.976837 0.976837 0.023163 0.023163 0.000078 0.000078
9.475015 0.976715 0.976715 0.023284 0.023284 0.000072 0.000072
9.494725 0.976593 0.976593 0.023406 0.023406 0.000066 0.000066
9.514434 0.976471 0.976471 0.023528 0.023528 0.000062 0.000062
9.534144 0.976348 0.976348 0.023651 0.023651 0.000058 0.000058
9.553854 0.976226 0.976226 0.023774 0.023774 0.000054 0.000054
9.573564 0.976104 0.976104 0.023896 0.023896 0.000050 0.000050
9.593273 0.975982 0.975982 0.024019 0.024019 0.000047 0.000047
9.612983 0.975854 0.975854 0.024147 0.024147 0.000049 0.000049
9.632693 0.975724 0.975724 0.024277 0.024277 0.000053 0.000053
9.652402 0.975594 0.975594 0.024408 0.024408 0.000058 0.000058
9.672112 0.975464 0.975464 0.024538 0.024538 0.000062 0.000062
9.691822 0.975334 0.975334 0.024669 0.024669 0.000067 0.000067
9.711532 0.975203 0.975203 0.024800 0.024800 0.000073 0.000073
9.731241 0.975071 0.975071 0.024933 0.024933 0.000080 0.000080
9.750951 0.974939 0.974939 0.025065 0.025065 0.000087 0.000087
9.770661 0.974807 0.974807 0.025198 0.025198 0.000094 0.000094
9.790370 0.974675 0.974675 0.025330 0.025330 0.000101 0.000101
9.810080 0.974532 0.974532 0.025472 0.025472 0.000111 0.000111
9.829790 0.974381 0.974381 0.025623 0.025623 0.000122 0.000122
9.849499 0.974229 0.974229 0.025774 0.025774 0.000133 0.000133
9.869209 0.974077 0.974077 0.025924 0.025924 0.000145 0.000145
9.888919 0.973925 0.973925 0.026075 0.026075 0.000156 0.000156
9.908629 0.973773 0.973773 0.026227 0.026227 0.000170 0.000170
9.928338 0.973619 0.973619 0.026381 0.026381 0.000187 0.000187
9.948048 0.973465 0.973465 0.026534 0.026534 0.000204 0.000204
9.967758 0.973311 0.973311 0.026688 0.026688 0.000221 0.000221
9.987467 0.973158 0.973158 0.026841 0.026841 0.000237 0.000237
10.007177 0.972977 0.972977 0.027023 0.027023 0.000254 0.000254
10.026887 0.972748 0.972748 0.027252 0.027252 0.000271 0.000271
10.046597 0.972519 0.972519 0.027481 0.027481 0.000288 0.000288
10.066306 0.972291 0.972291 0.027711 0.027711 0.000305 0.000305
10.086016 0.972062 0.972062 0.027940 0.027940 0.000322 0.000322
10.105726 0.971832 0.971832 0.028171 0.028171 0.000340 0.000340
10.125435 0.971597 0.971597 0.028404 0.028404 0.000359 0.000359
10.145145 0.971363 0.971363 0.028638 0.028638 0.000378 0.000378
10.164855 0.971128 0.971128 0.028871 0.028871 0.000397 0.000397
10.184565 0.970894 0.970894 0.029104 0.029104 0.000417 0.000417
10.204274 0.970707 0.970707 0.029290 0.029290 0.000441 0.000441
10.223984 0.970693 0.970693 0.029304 0.029304 0.000481 0.000481
10.243694 0.970679 0.970679 0.029317 0.029317 0.000521 0.000521
10.263403 0.970666 0.970666 0.029331 0.029331 0.000562 0.000562
10.283113 0.970652 0.970652 0.029344 0.029344 0.000602 0.000602
10.302823 0.970638 0.970638 0.029358 0.029358 0.000644 0.000644
10.322533 0.970624 0.970624 0.029374 0.029374 0.000691 0.000691
10.342242 0.970610 0.970610 0.029389 0.029389 0.000737 0.000737
10.361952 0.970597 0.970597 0.029405 0.029405 0.000784 0.000784
10.381662 0.970583 0.970583 0.029421 0.029421 0.000831 0.000831
10.401371 0.970556 0.970556 0.029449 0.029449 0.000899 0.000899
10.421081 0.970353 0.970353 0.029652 0.029652 0.001252 0.001252
10.440791 0.970150 0.970150 0.029854 0.029854 0.001606 0.001606
10.460501 0.969947 0.969947 0.030057 0.030057 0.001959 0.001959
10.480210 0.969744 0.969744 0.030260 0.030260 0.002313 0.002313
10.499920 0.969541 0.969541 0.030462 0.030462 0.002666 0.002666
10.519630 0.967844 0.967844 0.032158 0.032158 0.003791 0.003791
10.539339 0.966141 0.966141 0.033860 0.033860 0.004919 0.004919
10.559049 0.964438 0.964438 0.035561 0.035561 0.006048 0.006048
10.578759 0.962735 0.962735 0.037263 0.037263 0.007176 0.007176
10.598468 0.961032 0.961032 0.038965 0.038965 0.008304 0.008304
10.618178 0.960705 0.960705 0.039292 0.039292 0.008576 0.008576
10.637888 0.960495 0.960495 0.039504 0.039504 0.008776 0.008776
10.657598 0.960284 0.960284 0.039716 0.039716 0.008976 0.008976
10.677307 0.960073 0.960073 0.039927 0.039927 0.009176 0.009176
10.697017 0.959862 0.959862 0.040139 0.040139 0.009375 0.009375
10.716727 0.959653 0.959653 0.040347 0.040347 0.009626 0.009626
10.736436 0.959444 0.959444 0.040555 0.040555 0.009886 0.009886
10.756146 0.959235 0.959235 0.040763 0.040763 0.010146 0.010146
10.775856 0.959026 0.959026 0.040971 0.040971 0.010406 0.010406
10.795566 0.958817 0.958817 0.041179 0.041179 0.010666 0.010666
10.815275 0.958651 0.958651 0.041346 0.041346 0.010897 0.010897
10.834985 0.958497 0.958497 0.041501 0.041501 0.011119 0.011119
10.854695 0.958343 0.958343 0.041656 0.041656 0.011342 0.011342
10.874404 0.958190 0.958190 0.041811 0.041811 0.011565 0.011565
10.894114 0.958036 0.958036 0.041966 0.041966 0.011787 0.011787
10.913824 0.957878 0.957878 0.042124 0.042124 0.012002 0.012002
10.933534 0.957718 0.957718 0.042284 0.042284 0.012214 0.012214
10.953243 0.957559 0.957559 0.042444 0.042444 0.012425 0.012425
10.972953 0.957399 0.957399 0.042604 0.042604 0.012637 0.012637
10.992663 0.957239 0.957239 0.042764 0.042764 0.012848 0.012848
11.012372 0.957418 0.957418 0.042586 0.042586 0.012854 0.012854
11.032082 0.957796 0.957796 0.042206 0.042206 0.012739 0.012739
11.051792 0.958174 0.958174 0.041826 0.041826 0.012624 0.012624
11.071502 0.958553 0.958553 0.041446 0.041446 0.012508 0.012508
11.091211 0.958931 0.958931 0.041066 0.041066 0.012393 0.012393
11.110921 0.959268 0.959268 0.040729 0.040729 0.012236 0.012236
11.130631 0.959572 0.959572 0.040426 0.040426 0.012046 0.012046
11.150340 0.959875 0.959875 0.040122 0.040122 0.011856 0.011856
11.170050 0.960179 0.960179 0.039819 0.039819 0.011666 0.011666
11.189760 0.960482 0.960482 0.039516 0.039516 0.011476 0.011476
11.209469 0.960754 0.960754 0.039244 0.039244 0.011270 0.011270
11.229179 0.960990 0.960990 0.039008 0.039008 0.011049 0.011049
11.248889 0.961227 0.961227 0.038771 0.038771 0.010827 0.010827
11.268599 0.961463 0.961463 0.038535 0.038535 0.010605 0.010605
11.288308 0.961700 0.961700 0.038298 0.038298 0.010384 0.010384
11.308018 0.961915 0.961915 0.038083 0.038083 0.010169 0.010169
11.327728 0.962101 0.962101 0.037899 0.037899 0.009964 0.009964
11.347437 0.962286 0.962286 0.037715 0.037715 0.009760 0.009760
11.367147 0.962471 0.962471 0.037532 0.037532 0.009556 0.009556
11.386857 0.962656 0.962656 0.037348 0.037348 0.009351 0.009351
11.406567 0.962824 0.962824 0.037181 0.037181 0.009157 0.009157
11.426276 0.962956 0.962956 0.037047 0.037047 0.008984 0.008984
11.445986 0.963088 0.963088 0.036914 0.036914 0.008811 0.008811
11.465696 0.963220 0.963220 0.036781 0.036781 0.008638 0.008638
11.485405 0.963352 0.963352 0.036648 0.036648 0.008464 0.008464
11.505115 0.963473 0.963473 0.036526 0.036526 0.008269 0.008269
11.524825 0.963562 0.963562 0.036439 0.036439 0.008012 0.008012
11.544535 0.963650 0.963650 0.036351 0.036351 0.007755 0.007755
11.564244 0.963739 0.963739 0.036263 0.036263 0.007498 0.007498
11.583954 0.963828 0.963828 0.036175 0.036175 0.007241 0.007241
11.603664 0.963928 0.963928 0.036076 0.036076 0.006980 0.006980
11.623373 0.964080 0.964080 0.035923 0.035923 0.006703 0.006703
11.643083 0.964232 0.964232 0.035771 0.035771 0.006426 0.006426
11.662793 0.964384 0.964384 0.035619 0.035619 0.006149 0.006149
11.682503 0.964535 0.964535 0.035466 0.035466 0.005872 0.005872
11.702212 0.964680 0.964680 0.035321 0.035321 0.005603 0.005603
11.721922 0.964769 0.964769 0.035233 0.035233 0.005401 0.005401
11.741632 0.964857 0.964857 0.035144 0.035144 0.005198 0.005198
11.761341 0.964946 0.964946 0.035056 0.035056 0.004995 0.004995
11.781051 0.965035 0.965035 0.034968 0.034968 0.004793 0.004793
11.800761 0.965123 0.965123 0.034880 0.034880 0.004591 0.004591
11.820470 0.965212 0.965212 0.034790 0.034790 0.004429 0.004429
11.840180 0.965301 0.965301 0.034701 0.034701 0.004267 0.004267
11.859890 0.965390 0.965390 0.034612 0.034612 0.004104 0.004104
11.879600 0.965478 0.965478 0.034523 0.034523 0.003942 0.003942
11.899309 0.965567 0.965567 0.034434 0.034434 0.003780 0.003780
11.919019 0.965608 0.965608 0.034393 0.034393 0.003732 0.003732
11.938729 0.965647 0.965647 0.034354 0.034354 0.003688 0.003688
11.958438 0.965687 0.965687 0.034315 0.034315 0.003645 0.003645
11.978148 0.965726 0.965726 0.034276 0.034276 0.003601 0.003601
11.997858 0.965766 0.965766 0.034237 0.034237 0.003558 0.003558
12.017568 0.965809 0.965809 0.034194 0.034194 0.003479 0.003479
12.037277 0.965852 0.965852 0.034150 0.034150 0.003395 0.003395
12.056987 0.965895 0.965895 0.034106 0.034106 0.003311 0.003311
12.076697 0.965939 0.965939 0.034063 0.034063 0.003227 0.003227
12.096406 0.965982 0.965982 0.034019 0.034019 0.003143 0.003143
12.116116 0.965985 0.965985 0.034015 0.034015 0.003066 0.003066
12.135826 0.965979 0.965979 0.034020 0.034020 0.002989 0.002989
12.155536 0.965973 0.965973 0.034025 0.034025 0.002913 0.002913
12.175245 0.965967 0.965967 0.034031 0.034031 0.002837 0.002837
12.194955 0.965962 0.965962 0.034036 0.034036 0.002761 0.002761
12.214665 0.965947 0.965947 0.034051 0.034051 0.002659 0.002659
12.234374 0.965929 0.965929 0.034070 0.034070 0.002547 0.002547
12.254084 0.965911 0.965911 0.034088 0.034088 0.002436 0.002436
12.273794 0.965894 0.965894 0.034107 0.034107 0.002325 0.002325
12.293504 0.965876 0.965876 0.034126 0.034126 0.002214 0.002214
12.313213 0.965841 0.965841 0.034161 0.034161 0.002117 0.002117
12.332923 0.965798 0.965798 0.034203 0.034203 0.002026 0.002026
12.352633 0.965754 0.965754 0.034246 0.034246 0.001936 0.001936
12.372342 0.965711 0.965711 0.034289 0.034289 0.001845 0.001845
12.392052 0.965667 0.965667 0.034332 0.034332 0.001755 0.001755
12.411762 0.965617 0.965617 0.034382 0.034382 0.001675 0.001675
12.431471 0.965562 0.965562 0.034438 0.034438 0.001603 0.001603
12.451181 0.965507 0.965507 0.034494 0.034494 0.001531 0.001531
12.470891 0.965452 0.965452 0.034550 0.034550 0.001460 0.001460
12.490601 0.965396 0.965396 0.034606 0.034606 0.001388 0.001388
12.510310 0.965338 0.965338 0.034664 0.034664 0.001340 0.001340
12.530020 0.965277 0.965277 0.034724 0.034724 0.001314 0.001314
12.549730 0.965216 0.965216 0.034784 0.034784 0.001289 0.001289
12.569439 0.965155 0.965155 0.034844 0.034844 0.001263 0.001263
12.589149 0.965094 0.965094 0.034904 0.034904 0.001238 0.001238
12.608859 0.964978 0.964978 0.035019 0.035019 0.001211 0.001211
12.628569 0.964797 0.964797 0.035202 0.035202 0.001184 0.001184
12.648278 0.964616 0.964616 0.035384 0.035384 0.001157 0.001157
12.667988 0.964435 0.964435 0.035567 0.035567 0.001130 0.001130
12.687698 0.964253 0.964253 0.035749 0.035749 0.001103 0.001103
12.707407 0.964067 0.964067 0.035936 0.035936 0.001074 0.001074
12.727117 0.963874 0.963874 0.036129 0.036129 0.001044 0.001044
12.746827 0.963681 0.963681 0.036322 0.036322 0.001014 0.001014
12.766537 0.963488 0.963488 0.036516 0.036516 0.000984 0.000984
12.786246 0.963295 0.963295 0.036709 0.036709 0.000954 0.000954
12.805956 0.963112 0.963112 0.036892 0.036892 0.000948 0.000948
12.825666 0.962955 0.962955 0.037049 0.037049 0.000995 0.000995
12.845375 0.962797 0.962797 0.037207 0.037207 0.001043 0.001043
12.865085 0.962639 0.962639 0.037364 0.037364 0.001091 0.001091
12.884795 0.962482 0.962482 0.037522 0.037522 0.001138 0.001138
12.904505 0.962323 0.962323 0.037680 0.037680 0.001189 0.001189
12.924214 0.962159 0.962159 0.037843 0.037843 0.001249 0.001249
12.943924 0.961995 0.961995 0.038006 0.038006 0.001309 0.001309
12.963634 0.961832 0.961832 0.038169 0.038169 0.001369 0.001369
12.983343 0.961668 0.961668 0.038332 0.038332 0.001429 0.001429
13.003053 0.961503 0.961503 0.038497 0.038497 0.001506 0.001506
13.022763 0.961327 0.961327 0.038672 0.038672 0.001679 0.001679
13.042472 0.961152 0.961152 0.038847 0.038847 0.001852 0.001852
13.062182 0.960977 0.960977 0.039022 0.039022 0.002025 0.002025
13.081892 0.960801 0.960801 0.039196 0.039196 0.002198 0.002198
13.101602 0.960620 0.960620 0.039377 0.039377 0.002380 0.002380
13.121311 0.960380 0.960380 0.039618 0.039618 0.002656 0.002656
13.141021 0.960140 0.960140 0.039859 0.039859 0.002932 0.002932
13.160731 0.959899 0.959899 0.040100 0.040100 0.003208 0.003208
13.180440 0.959659 0.959659 0.040342 0.040342 0.003484 0.003484
13.200150 0.959418 0.959418 0.040583 0.040583 0.003762 0.003762
13.219860 0.959138 0.959138 0.040862 0.040862 0.004207 0.004207
13.239570 0.958858 0.958858 0.041142 0.041142 0.004652 0.004652
13.259279 0.958578 0.958578 0.041421 0.041421 0.005097 0.005097
13.278989 0.958298 0.958298 0.041700 0.041700 0.005542 0.005542
13.298699 0.958018 0.958018 0.041980 0.041980 0.005987 0.005987
13.318408 0.957472 0.957472 0.042526 0.042526 0.006636 0.006636
13.338118 0.956906 0.956906 0.043092 0.043092 0.007299 0.007299
13.357828 0.956340 0.956340 0.043658 0.043658 0.007962 0.007962
13.377538 0.955775 0.955775 0.044223 0.044223 0.008626 0.008626
13.397247 0.955209 0.955209 0.044789 0.044789 0.009289 0.009289
13.416957 0.954145 0.954145 0.045853 0.045853 0.010279 0.010279
13.436667 0.953000 0.953000 0.046998 0.046998 0.011321 0.011321
13.456376 0.951855 0.951855 0.048143 0.048143 0.012364 0.012364
13.476086 0.950709 0.950709 0.049288 0.049288 0.013406 0.013406
13.495796 0.949564 0.949564 0.050433 0.050433 0.014449 0.014449
13.515506 0.947431 0.947431 0.052567 0.052567 0.016222 0.016222
13.535215 0.945031 0.945031 0.054969 0.054969 0.018194 0.018194
13.554925 0.942630 0.942630 0.057371 0.057371 0.020166 0.020166
13.574635 0.940230 0.940230 0.059773 0.059773 0.022138 0.022138
13.594344 0.937829 0.937829 0.062175 0.062175 0.024110 0.024110
13.614054 0.935120 0.935120 0.064883 0.064883 0.025631 0.025631
13.633764 0.932288 0.932288 0.067715 0.067715 0.026970 0.026970
13.653473 0.929456 0.929456 0.070547 0.070547 0.028309 0.028309
13.673183 0.926624 0.926624 0.073379 0.073379 0.029648 0.029648
13.692893 0.923791 0.923791 0.076211 0.076211 0.030987 0.030987
13.712603 0.919674 0.919674 0.080328 0.080328 0.032076 0.032076
13.732312 0.914831 0.914831 0.085170 0.085170 0.033023 0.033023
13.752022 0.909988 0.909988 0.090013 0.090013 0.033970 0.033970
13.771732 0.905146 0.905146 0.094855 0.094855 0.034917 0.034917
13.791441 0.900303 0.900303 0.099697 0.099697 0.035864 0.035864
13.811151 0.896811 0.896811 0.103189 0.103189 0.036082 0.036082
13.830861 0.894355 0.894355 0.105645 0.105645 0.035740 0.035740
13.850571 0.891899 0.891899 0.108101 0.108101 0.035399 0.035399
13.870280 0.889443 0.889443 0.110557 0.110557 0.035058 0.035058
13.889990 0.886987 0.886987 0.113013 0.113013 0.034716 0.034716
13.909700 0.884349 0.884349 0.115651 0.115651 0.034412 0.034412
13.929409 0.881523 0.881523 0.118477 0.118477 0.034145 0.034145
13.949119 0.878696 0.878696 0.121304 0.121304 0.033878 0.033878
13.968829 0.875870 0.875870 0.124130 0.124130 0.033612 0.033612
13.988539 0.873044 0.873044 0.126956 0.126956 0.033345 0.033345
14.008248 0.870635 0.870635 0.129365 0.129365 0.032949 0.032949
14.027958 0.868808 0.868808 0.131192 0.131192 0.032373 0.032373
14.047668 0.866981 0.866981 0.133019 0.133019 0.031797 0.031797
14.067377 0.865154 0.865154 0.134846 0.134846 0.031221 0.031221
14.087087 0.863327 0.863327 0.136673 0.136673 0.030644 0.030644
14.106797 0.861472 0.861472 0.138528 0.138528 0.030103 0.030103
14.126507 0.859564 0.859564 0.140436 0.140436 0.029626 0.029626
14.146216 0.857656 0.857656 0.142344 0.142344 0.029149 0.029149
14.165926 0.855748 0.855748 0.144252 0.144252 0.028672 0.028672
14.185636 0.853840 0.853840 0.146160 0.146160 0.028195 0.028195
14.205345 0.851896 0.851896 0.148104 0.148104 0.027730 0.027730
14.225055 0.849854 0.849854 0.150146 0.150146 0.027297 0.027297
14.244765 0.847812 0.847812 0.152188 0.152188 0.026863 0.026863
14.264474 0.845770 0.845770 0.154230 0.154230 0.026429 0.026429
14.284184 0.843729 0.843729 0.156271 0.156271 0.025995 0.025995
14.303894 0.841703 0.841703 0.158297 0.158297 0.025718 0.025718
14.323604 0.839746 0.839746 0.160254 0.160254 0.026080 0.026080
14.343313 0.837789 0.837789 0.162211 0.162211 0.026442 0.026442
14.363023 0.835832 0.835832 0.164168 0.164168 0.026803 0.026803
14.382733 0.833875 0.833875 0.166125 0.166125 0.027165 0.027165
14.402442 0.831910 0.831910 0.168090 0.168090 0.027530 0.027530
14.422152 0.829894 0.829894 0.170106 0.170106 0.027921 0.027921
14.441862 0.827878 0.827878 0.172122 0.172122 0.028312 0.028312
14.461572 0.825861 0.825861 0.174139 0.174139 0.028702 0.028702
14.481281 0.823845 0.823845 0.176155 0.176155 0.029093 0.029093
14.500991 0.821827 0.821827 0.178173 0.178173 0.029486 0.029486
14.520701 0.819781 0.819781 0.180219 0.180219 0.029932 0.029932
14.540410 0.817735 0.817735 0.182265 0.182265 0.030377 0.030377
14.560120 0.815690 0.815690 0.184310 0.184310 0.030823 0.030823
14.579830 0.813644 0.813644 0.186356 0.186356 0.031268 0.031268
14.599540 0.811598 0.811598 0.188402 0.188402 0.031714 0.031714
14.619249 0.809390 0.809390 0.190610 0.190610 0.032194 0.032194
14.638959 0.807179 0.807179 0.192821 0.192821 0.032675 0.032675
14.658669 0.804967 0.804967 0.195033 0.195033 0.033156 0.033156
14.678378 0.802756 0.802756 0.197244 0.197244 0.033636 0.033636
14.698088 0.800545 0.800545 0.199455 0.199455 0.034117 0.034117
14.717798 0.798068 0.798068 0.201932 0.201932 0.034407 0.034407
14.737508 0.795563 0.795563 0.204437 0.204437 0.034675 0.034675
14.757217 0.793058 0.793058 0.206942 0.206942 0.034944 0.034944
14.776927 0.790553 0.790553 0.209447 0.209447 0.035213 0.035213
14.796637 0.788047 0.788047 0.211953 0.211953 0.035481 0.035481
14.816346 0.785918 0.785918 0.214082 0.214082 0.035674 0.035674
14.836056 0.783867 0.783867 0.216133 0.216133 0.035852 0.035852
14.855766 0.781815 0.781815 0.218185 0.218185 0.036030 0.036030
14.875475 0.779763 0.779763 0.220237 0.220237 0.036208 0.036208
14.895185 0.777711 0.777711 0.222289 0.222289 0.036386 0.036386
14.914895 0.775713 0.775713 0.224287 0.224287 0.036606 0.036606
14.934605 0.773732 0.773732 0.226268 0.226268 0.036840 0.036840
14.954314 0.771751 0.771751 0.228249 0.228249 0.037075 0.037075
14.974024 0.769771 0.769771 0.230229 0.230229 0.037309 0.037309
14.993734 0.767790 0.767790 0.232210 0.232210 0.037543 0.037543
15.013443 0.767234 0.767234 0.232766 0.232766 0.037911 0.037911
15.033153 0.767342 0.767342 0.232658 0.232658 0.038341 0.038341
15.052863 0.767451 0.767451 0.232549 0.232549 0.038770 0.038770
15.072573 0.767559 0.767559 0.232441 0.232441 0.039200 0.039200
15.092282 0.767668 0.767668 0.232332 0.232332 0.039630 0.039630
15.111992 0.767729 0.767729 0.232271 0.232271 0.039975 0.039975
15.131702 0.767761 0.767761 0.232239 0.232239 0.040265 0.040265
15.151411 0.767792 0.767792 0.232208 0.232208 0.040555 0.040555
15.171121 0.767824 0.767824 0.232176 0.232176 0.040846 0.040846
15.190831 0.767855 0.767855 0.232145 0.232145 0.041136 0.041136
15.210541 0.767824 0.767824 0.232176 0.232176 0.041360 0.041360
15.230250 0.767737 0.767737 0.232263 0.232263 0.041527 0.041527
15.249960 0.767650 0.767650 0.232350 0.232350 0.041694 0.041694
15.269670 0.767563 0.767563 0.232437 0.232437 0.041861 0.041861
15.289379 0.767477 0.767477 0.232523 0.232523 0.042028 0.042028
15.309089 0.767450 0.767450 0.232550 0.232550 0.042198 0.042198
15.328799 0.767493 0.767493 0.232507 0.232507 0.042372 0.042372
15.348509 0.767537 0.767537 0.232463 0.232463 0.042545 0.042545
15.368218 0.767580 0.767580 0.232420 0.232420 0.042719 0.042719
15.387928 0.767623 0.767623 0.232377 0.232377 0.042893 0.042893
15.407638 0.767656 0.767656 0.232344 0.232344 0.043066 0.043066
15.427347 0.767672 0.767672 0.232328 0.232328 0.043238 0.043238
15.447057 0.767688 0.767688 0.232312 0.232312 0.043411 0.043411
15.466767 0.767703 0.767703 0.232297 0.232297 0.043583 0.043583
15.486476 0.767719 0.767719 0.232281 0.232281 0.043756 0.043756
15.506186 0.767724 0.767724 0.232276 0.232276 0.043934 0.043934
15.525896 0.767704 0.767704 0.232296 0.232296 0.044124 0.044124
15.545606 0.767684 0.767684 0.232316 0.232316 0.044314 0.044314
15.565315 0.767665 0.767665 0.232335 0.232335 0.044504 0.044504
15.585025 0.767645 0.767645 0.232355 0.232355 0.044694 0.044694
15.604735 0.767992 0.767992 0.232008 0.232008 0.045654 0.045654
15.624444 0.769498 0.769498 0.230502 0.230502 0.049050 0.049050
15.644154 0.771003 0.771003 0.228997 0.228997 0.052447 0.052447
15.663864 0.772509 0.772509 0.227491 0.227491 0.055843 0.055843
15.683574 0.774015 0.774015 0.225985 0.225985 0.059239 0.059239
15.703283 0.775603 0.775603 0.224397 0.224397 0.062804 0.062804
15.722993 0.777604 0.777604 0.222396 0.222396 0.067210 0.067210
15.742703 0.779604 0.779604 0.220396 0.220396 0.071615 0.071615
15.762412 0.781605 0.781605 0.218395 0.218395 0.076021 0.076021
15.782122 0.783605 0.783605 0.216395 0.216395 0.080427 0.080427
15.801832 0.785596 0.785596 0.214404 0.214404 0.084826 0.084826
15.821542 0.787490 0.787490 0.212510 0.212510 0.089164 0.089164
15.841251 0.789384 0.789384 0.210616 0.210616 0.093501 0.093501
15.860961 0.791278 0.791278 0.208722 0.208722 0.097839 0.097839
15.880671 0.793172 0.793172 0.206828 0.206828 0.102176 0.102176
15.900380 0.795069 0.795069 0.204931 0.204931 0.106517 0.106517
15.920090 0.797073 0.797073 0.202927 0.202927 0.111047 0.111047
15.939800 0.799078 0.799078 0.200922 0.200922 0.115576 0.115576
15.959510 0.801082 0.801082 0.198918 0.198918 0.120105 0.120105
15.979219 0.803087 0.803087 0.196913 0.196913 0.124635 0.124635
15.998929 0.805091 0.805091 0.194909 0.194909 0.129164 0.129164
16.018639 0.806974 0.806974 0.193026 0.193026 0.133332 0.133332
16.038348 0.808851 0.808851 0.191149 0.191149 0.137478 0.137478
16.058058 0.810727 0.810727 0.189273 0.189273 0.141625 0.141625
16.077768 0.812603 0.812603 0.187397 0.187397 0.145772 0.145772
16.097477 0.814480 0.814480 0.185520 0.185520 0.149919 0.149919
16.117187 0.815437 0.815437 0.184563 0.184563 0.152138 0.152138
16.136897 0.816259 0.816259 0.183741 0.183741 0.154073 0.154073
16.156607 0.817080 0.817080 0.182920 0.182920 0.156009 0.156009
16.176316 0.817902 0.817902 0.182098 0.182098 0.157944 0.157944
16.196026 0.818724 0.818724 0.181276 0.181276 0.159880 0.159880
16.215736 0.819268 0.819268 0.180732 0.180732 0.161150 0.161150
16.235445 0.819741 0.819741 0.180259 0.180259 0.162251 0.162251
16.255155 0.820214 0.820214 0.179786 0.179786 0.163353 0.163353
16.274865 0.820687 0.820687 0.179313 0.179313 0.164455 0.164455
16.294575 0.821160 0.821160 0.178840 0.178840 0.165557 0.165557
16.314284 0.821704 0.821704 0.178296 0.178296 0.166747 0.166747
16.333994 0.822276 0.822276 0.177724 0.177724 0.167971 0.167971
16.353704 0.822847 0.822847 0.177153 0.177153 0.169195 0.169195
16.373413 0.823419 0.823419 0.176581 0.176581 0.170419 0.170419
16.393123 0.823991 0.823991 0.176009 0.176009 0.171643 0.171643
16.412833 0.824859 0.824859 0.175141 0.175141 0.173591 0.173591
16.432543 0.825885 0.825885 0.174115 0.174115 0.175926 0.175926
16.452252 0.826912 0.826912 0.173088 0.173088 0.178262 0.178262
16.471962 0.827939 0.827939 0.172061 0.172061 0.180597 0.180597
16.491672 0.828966 0.828966 0.171034 0.171034 0.182933 0.182933
16.511381 0.827625 0.827625 0.172375 0.172375 0.180141 0.180141
16.531091 0.824550 0.824550 0.175450 0.175450 0.173598 0.173598
16.550801 0.821475 0.821475 0.178525 0.178525 0.167054 0.167054
16.570511 0.818400 0.818400 0.181600 0.181600 0.160511 0.160511
16.590220 0.815326 0.815326 0.184674 0.184674 0.153967 0.153967
16.609930 0.812426 0.812426 0.187574 0.187574 0.147722 0.147722
16.629640 0.809698 0.809698 0.190302 0.190302 0.141772 0.141772
16.649349 0.806970 0.806970 0.193030 0.193030 0.135821 0.135821
16.669059 0.804242 0.804242 0.195758 0.195758 0.129871 0.129871
16.688769 0.801514 0.801514 0.198486 0.198486 0.123921 0.123921
16.708478 0.799386 0.799386 0.200614 0.200614 0.119327 0.119327
16.728188 0.798052 0.798052 0.201948 0.201948 0.116530 0.116530
16.747898 0.796717 0.796717 0.203283 0.203283 0.113733 0.113733
16.767608 0.795383 0.795383 0.204617 0.204617 0.110936 0.110936
16.787317 0.794049 0.794049 0.205951 0.205951 0.108140 0.108140
16.807027 0.792725 0.792725 0.207275 0.207275 0.105312 0.105312
16.826737 0.791420 0.791420 0.208580 0.208580 0.102430 0.102430
16.846446 0.790115 0.790115 0.209885 0.209885 0.099548 0.099548
16.866156 0.788810 0.788810 0.211190 0.211190 0.096665 0.096665
16.885866 0.787506 0.787506 0.212494 0.212494 0.093783 0.093783
16.905576 0.786314 0.786314 0.213686 0.213686 0.091209 0.091209
16.925285 0.785409 0.785409 0.214591 0.214591 0.089416 0.089416
16.944995 0.784505 0.784505 0.215495 0.215495 0.087623 0.087623
16.964705 0.783600 0.783600 0.216400 0.216400 0.085830 0.085830
16.984414 0.782695 0.782695 0.217305 0.217305 0.084037 0.084037
17.004124 0.781914 0.781914 0.218086 0.218086 0.082502 0.082502
17.023834 0.781596 0.781596 0.218404 0.218404 0.081946 0.081946
17.043544 0.781279 0.781279 0.218721 0.218721 0.081389 0.081389
17.063253 0.780962 0.780962 0.219038 0.219038 0.080832 0.080832
17.082963 0.780644 0.780644 0.219356 0.219356 0.080275 0.080275
17.102673 0.780335 0.780335 0.219665 0.219665 0.079719 0.079719
17.122382 0.780079 0.780079 0.219921 0.219921 0.079170 0.079170
17.142092 0.779823 0.779823 0.220177 0.220177 0.078620 0.078620
17.161802 0.779567 0.779567 0.220433 0.220433 0.078070 0.078070
17.181512 0.779310 0.779310 0.220690 0.220690 0.077521 0.077521
17.201221 0.779071 0.779071 0.220929 0.220929 0.077007 0.077007
17.220931 0.779085 0.779085 0.220915 0.220915 0.077044 0.077044
17.240641 0.779098 0.779098 0.220902 0.220902 0.077081 0.077081
17.260350 0.779112 0.779112 0.220888 0.220888 0.077117 0.077117
17.280060 0.779126 0.779126 0.220874 0.220874 0.077154 0.077154
17.299770 0.779140 0.779140 0.220860 0.220860 0.077191 0.077191
17.319479 0.779185 0.779185 0.220815 0.220815 0.077584 0.077584
17.339189 0.779230 0.779230 0.220770 0.220770 0.077981 0.077981
17.358899 0.779275 0.779275 0.220725 0.220725 0.078379 0.078379
17.378609 0.779321 0.779321 0.220679 0.220679 0.078777 0.078777
17.398318 0.779366 0.779366 0.220634 0.220634 0.079174 0.079174
17.418028 0.779604 0.779604 0.220396 0.220396 0.079622 0.079622
17.437738 0.779861 0.779861 0.220139 0.220139 0.080074 0.080074
17.457447 0.780117 0.780117 0.219883 0.219883 0.080527 0.080527
17.477157 0.780373 0.780373 0.219627 0.219627 0.080980 0.080980
17.496867 0.780629 0.780629 0.219371 0.219371 0.081432 0.081432
17.516577 0.780703 0.780703 0.219297 0.219297 0.081532 0.081532
17.536286 0.780743 0.780743 0.219257 0.219257 0.081566 0.081566
17.555996 0.780782 0.780782 0.219218 0.219218 0.081599 0.081599
17.575706 0.780821 0.780821 0.219179 0.219179 0.081633 0.081633
17.595415 0.780861 0.780861 0.219139 0.219139 0.081666 0.081666
17.615125 0.780696 0.780696 0.219304 0.219304 0.081417 0.081417
17.634835 0.780469 0.780469 0.219531 0.219531 0.081082 0.081082
17.654545 0.780243 0.780243 0.219757 0.219757 0.080747 0.080747
17.674254 0.780016 0.780016 0.219984 0.219984 0.080412 0.080412
17.693964 0.779789 0.779789 0.220211 0.220211 0.080077 0.080077
17.713674 0.779649 0.779649 0.220351 0.220351 0.079772 0.079772
17.733383 0.779546 0.779546 0.220454 0.220454 0.079480 0.079480
17.753093 0.779444 0.779444 0.220556 0.220556 0.079189 0.079189
17.772803 0.779341 0.779341 0.220659 0.220659 0.078897 0.078897
17.792513 0.779239 0.779239 0.220761 0.220761 0.078606 0.078606
17.812222 0.779090 0.779090 0.220910 0.220910 0.078341 0.078341
17.831932 0.778913 0.778913 0.221087 0.221087 0.078093 0.078093
17.851642 0.778735 0.778735 0.221265 0.221265 0.077844 0.077844
17.871351 0.778558 0.778558 0.221442 0.221442 0.077596 0.077596
17.891061 0.778380 0.778380 0.221620 0.221620 0.077348 0.077348
17.910771 0.778243 0.778243 0.221757 0.221757 0.077112 0.077112
17.930480 0.778138 0.778138 0.221862 0.221862 0.076886 0.076886
17.950190 0.778034 0.778034 0.221966 0.221966 0.076660 0.076660
17.969900 0.777930 0.777930 0.222070 0.222070 0.076434 0.076434
17.989610 0.777825 0.777825 0.222175 0.222175 0.076208 0.076208
18.009319 0.777719 0.777719 0.222281 0.222281 0.076009 0.076009
18.029029 0.777610 0.777610 0.222390 0.222390 0.075838 0.075838
18.048739 0.777502 0.777502 0.222498 0.222498 0.075668 0.075668
18.068448 0.777394 0.777394 0.222606 0.222606 0.075498 0.075498
18.088158 0.777285 0.777285 0.222715 0.222715 0.075328 0.075328
18.107868 0.777141 0.777141 0.222859 0.222859 0.075126 0.075126
18.127578 0.776944 0.776944 0.223056 0.223056 0.074876 0.074876
18.147287 0.776747 0.776747 0.223253 0.223253 0.074626 0.074626
18.166997 0.776550 0.776550 0.223450 0.223450 0.074376 0.074376
18.186707 0.776353 0.776353 0.223647 0.223647 0.074126 0.074126
18.206416 0.776198 0.776198 0.223802 0.223802 0.073907 0.073907
18.226126 0.776129 0.776129 0.223871 0.223871 0.073752 0.073752
18.245836 0.776060 0.776060 0.223940 0.223940 0.073597 0.073597
18.265546 0.775991 0.775991 0.224009 0.224009 0.073442 0.073442
18.285255 0.775922 0.775922 0.224078 0.224078 0.073288 0.073288
18.304965 0.775831 0.775831 0.224169 0.224169 0.073111 0.073111
18.324675 0.775675 0.775675 0.224325 0.224325 0.072870 0.072870
18.344384 0.775519 0.775519 0.224481 0.224481 0.072629 0.072629
18.364094 0.775364 0.775364 0.224636 0.224636 0.072387 0.072387
18.383804 0.775208 0.775208 0.224792 0.224792 0.072146 0.072146
18.403514 0.775068 0.775068 0.224932 0.224932 0.071916 0.071916
18.423223 0.775003 0.775003 0.224997 0.224997 0.071736 0.071736
18.442933 0.774938 0.774938 0.225062 0.225062 0.071556 0.071556
18.462643 0.774873 0.774873 0.225127 0.225127 0.071377 0.071377
18.482352 0.774808 0.774808 0.225192 0.225192 0.071197 0.071197
18.502062 0.774740 0.774740 0.225260 0.225260 0.071024 0.071024
18.521772 0.774643 0.774643 0.225357 0.225357 0.070913 0.070913
18.541481 0.774547 0.774547 0.225453 0.225453 0.070802 0.070802
18.561191 0.774450 0.774450 0.225550 0.225550 0.070691 0.070691
18.580901 0.774354 0.774354 0.225646 0.225646 0.070580 0.070580
18.600611 0.774255 0.774255 0.225745 0.225745 0.070468 0.070468
18.620320 0.774081 0.774081 0.225919 0.225919 0.070325 0.070325
18.640030 0.773908 0.773908 0.226092 0.226092 0.070182 0.070182
18.659740 0.773734 0.773734 0.226266 0.226266 0.070039 0.070039
18.679449 0.773561 0.773561 0.226439 0.226439 0.069897 0.069897
18.699159 0.773387 0.773387 0.226613 0.226613 0.069754 0.069754
18.718869 0.773393 0.773393 0.226607 0.226607 0.069681 0.069681
18.738579 0.773407 0.773407 0.226593 0.226593 0.069610 0.069610
18.758288 0.773421 0.773421 0.226579 0.226579 0.069540 0.069540
18.777998 0.773435 0.773435 0.226565 0.226565 0.069470 0.069470
18.797708 0.773448 0.773448 0.226552 0.226552 0.069399 0.069399
18.817417 0.773448 0.773448 0.226552 0.226552 0.069330 0.069330
18.837127 0.773446 0.773446 0.226554 0.226554 0.069260 0.069260
18.856837 0.773444 0.773444 0.226556 0.226556 0.069190 0.069190
18.876547 0.773442 0.773442 0.226558 0.226558 0.069121 0.069121
18.896256 0.773440 0.773440 0.226560 0.226560 0.069051 0.069051
18.915966 0.773288 0.773288 0.226712 0.226712 0.068943 0.068943
18.935676 0.773101 0.773101 0.226899 0.226899 0.068825 0.068825
18.955385 0.772914 0.772914 0.227086 0.227086 0.068707 0.068707
18.975095 0.772727 0.772727 0.227273 0.227273 0.068590 0.068590
18.994805 0.772539 0.772539 0.227461 0.227461 0.068472 0.068472
19.014515 0.772423 0.772423 0.227577 0.227577 0.068358 0.068358
19.034224 0.772333 0.772333 0.227667 0.227667 0.068244 0.068244
19.053934 0.772242 0.772242 0.227758 0.227758 0.068131 0.068131
19.073644 0.772151 0.772151 0.227849 0.227849 0.068018 0.068018
19.093353 0.772061 0.772061 0.227939 0.227939 0.067904 0.067904
19.113063 0.772064 0.772064 0.227936 0.227936 0.067818 0.067818
19.132773 0.772115 0.772115 0.227885 0.227885 0.067744 0.067744
19.152482 0.772166 0.772166 0.227834 0.227834 0.067671 0.067671
19.172192 0.772218 0.772218 0.227782 0.227782 0.067598 0.067598
19.191902 0.772269 0.772269 0.227731 0.227731 0.067525 0.067525
19.211612 0.772225 0.772225 0.227775 0.227775 0.067426 0.067426
19.231321 0.772115 0.772115 0.227885 0.227885 0.067309 0.067309
19.251031 0.772004 0.772004 0.227996 0.227996 0.067192 0.067192
19.270741 0.771894 0.771894 0.228106 0.228106 0.067075 0.067075
19.290450 0.771783 0.771783 0.228217 0.228217 0.066958 0.066958
19.310160 0.771701 0.771701 0.228299 0.228299 0.066844 0.066844
19.329870 0.771643 0.771643 0.228357 0.228357 0.066733 0.066733
19.349580 0.771586 0.771586 0.228414 0.228414 0.066622 0.066622
19.369289 0.771529 0.771529 0.228471 0.228471 0.066511 0.066511
19.388999 0.771472 0.771472 0.228528 0.228528 0.066400 0.066400
19.408709 0.771423 0.771423 0.228577 0.228577 0.066294 0.066294
19.428418 0.771383 0.771383 0.228617 0.228617 0.066195 0.066195
19.448128 0.771344 0.771344 0.228656 0.228656 0.066096 0.066096
19.467838 0.771304 0.771304 0.228696 0.228696 0.065997 0.065997
19.487548 0.771265 0.771265 0.228735 0.228735 0.065899 0.065899
19.507257 0.771170 0.771170 0.228830 0.228830 0.065786 0.065786
19.526967 0.770978 0.770978 0.229022 0.229022 0.065651 0.065651
19.546677 0.770787 0.770787 0.229213 0.229213 0.065515 0.065515
19.566386 0.770596 0.770596 0.229404 0.229404 0.065380 0.065380
19.586096 0.770405 0.770405 0.229595 0.229595 0.065245 0.065245
19.605806 0.770276 0.770276 0.229724 0.229724 0.065122 0.065122
19.625516 0.770296 0.770296 0.229704 0.229704 0.065028 0.065028
19.645225 0.770315 0.770315 0.229685 0.229685 0.064935 0.064935
19.664935 0.770335 0.770335 0.229665 0.229665 0.064842 0.064842
19.684645 0.770355 0.770355 0.229645 0.229645 0.064749 0.064749
19.704354 0.770329 0.770329 0.229671 0.229671 0.064646 0.064646
19.724064 0.770144 0.770144 0.229856 0.229856 0.064512 0.064512
19.743774 0.769959 0.769959 0.230041 0.230041 0.064378 0.064378
19.763483 0.769773 0.769773 0.230227 0.230227 0.064244 0.064244
19.783193 0.769588 0.769588 0.230412 0.230412 0.064110 0.064110
19.802903 0.769428 0.769428 0.230572 0.230572 0.063982 0.063982
19.822613 0.769416 0.769416 0.230584 0.230584 0.063888 0.063888
19.842322 0.769405 0.769405 0.230595 0.230595 0.063793 0.063793
19.862032 0.769393 0.769393 0.230607 0.230607 0.063699 0.063699
19.881742 0.769381 0.769381 0.230619 0.230619 0.063604 0.063604
19.901451 0.769360 0.769360 0.230640 0.230640 0.063508 0.063508
19.921161 0.769230 0.769230 0.230770 0.230770 0.063388 0.063388
19.940871 0.769100 0.769100 0.230900 0.230900 0.063268 0.063268
19.960581 0.768970 0.768970 0.231030 0.231030 0.063147 0.063147
19.980290 0.768840 0.768840 0.231160 0.231160 0.063027 0.063027
20.000000 0.768710 0.768710 0.231290 0.231290 0.062907 0.062907
