0.31,0.20073,0.79927,0.063973,0.025258,0.016644,0.69452,0
0.32,0.19803,0.80197,0.059291,0.025231,0.015166,0.70364,0
0.33,0.21058,0.78942,0.048121,0.025449,0.014088,0.70294,0
0.34,0.24654,0.75346,0.037483,0.025137,0.012881,0.67817,0
0.35,0.2513,0.7487,0.034754,0.02634,0.012503,0.67511,0
0.36,0.30222,0.69778,0.025626,0.026348,0.011804,0.63401,0
0.37,0.33709,0.66291,0.018972,0.02625,0.011046,0.60664,0
0.38,0.30318,0.69682,0.01682,0.025761,0.010568,0.64367,0
0.39,0.28394,0.71606,0.013212,0.024248,0.0099706,0.66863,0
0.4,0.26319,0.73681,0.011135,0.023435,0.0097121,0.69253,0
0.41,0.238,0.762,0.0091732,0.02284,0.0096428,0.72035,0
0.42,0.24858,0.75142,0.0060017,0.021122,0.0091568,0.71514,0
0.43,0.22662,0.77338,0.0053171,0.020788,0.0091387,0.73814,0
0.44,0.22774,0.77226,0.0040195,0.019696,0.0088802,0.73967,0
0.45,0.20785,0.79215,0.0034505,0.01936,0.0089058,0.76044,0
0.46,0.2055,0.7945,0.0023985,0.018468,0.0087337,0.7649,1.4945e-264
0.47,0.17204,0.82796,0.0020207,0.018723,0.0089122,0.79831,3.9205e-230
0.48,0.1777,0.8223,0.0013874,0.017549,0.0086629,0.7947,3.4045e-192
0.49,0.16,0.84,0.0011154,0.017413,0.0086715,0.8128,1.4437e-169
0.5,0.14899,0.85101,0.00083531,0.016662,0.0085933,0.82492,4.2047e-150
0.51,0.15212,0.84788,0.00066505,0.015924,0.0083531,0.82294,4.5058e-133
0.52,0.13827,0.86173,0.00031492,0.015452,0.0083062,0.83765,6.658e-118
0.53,0.1356,0.8644,0.00021782,0.01482,0.0081457,0.84121,4.5234e-102
0.54,0.11904,0.88096,0.00021449,0.01451,0.0081235,0.85811,2.5805e-86
0.55,0.12095,0.87905,0.00020424,0.013935,0.0079315,0.85698,1.3132e-79
0.56,0.10544,0.89456,0.00020586,0.01376,0.0079,0.8727,3.6935e-74
0.57,0.10062,0.89938,0.00019183,0.013415,0.0077786,0.878,2.3318e-65
0.58,0.089629,0.91037,0.00018968,0.013183,0.0076954,0.8893,2.2469e-59
0.59,0.092074,0.90793,0.00018215,0.012621,0.0075029,0.88762,1.1409e-53
0.6,0.086596,0.9134,0.00017917,0.012317,0.0073793,0.89353,7.9276e-49
0.61,0.079659,0.92034,0.00017449,0.012106,0.007268,0.90079,7.1525e-45
0.62,0.081157,0.91884,0.00016876,0.011624,0.007093,0.89996,4.6e-43
0.63,0.072526,0.92747,0.00016564,0.0113,0.0070041,0.909,4.3912e-41
0.64,0.069556,0.93044,0.0001626,0.011058,0.0068736,0.91235,1.0837e-36
0.65,0.064505,0.9355,0.00015914,0.010855,0.0067625,0.91772,1.4448e-35
0.66,0.05693,0.94307,0.0001561,0.010676,0.0066675,0.92557,4.3185e-33
0.67,0.054012,0.94599,0.00015219,0.010456,0.0065487,0.92883,8.9096e-31
0.68,0.051431,0.94857,0.00014918,0.010242,0.0064255,0.93175,1.2831e-28
0.69,0.046672,0.95333,0.00014962,0.010058,0.0063149,0.93681,1.3466e-26
0.7,0.047628,0.95237,0.0001433,0.0098053,0.0061765,0.93625,1.0516e-24
0.71,0.045876,0.95412,0.00014102,0.0096323,0.00606,0.93829,6.1756e-23
0.72,0.043305,0.9567,0.00013831,0.0095218,0.0059534,0.94108,2.7312e-21
0.73,0.040089,0.95991,0.00013637,0.0094536,0.0058529,0.94447,9.6904e-20
0.74,0.040621,0.95938,0.00013212,0.0092739,0.0057286,0.94424,2.7144e-18
0.75,0.040067,0.95993,0.0001291,0.0091498,0.0056176,0.94504,6.2438e-17
0.76,0.039045,0.96096,0.00012715,0.0089674,0.0055091,0.94635,1.1759e-15
0.77,0.039132,0.96087,0.00012595,0.0088575,0.0053994,0.94649,1.7628e-14
0.78,0.037872,0.96213,0.00012682,0.0090944,0.005305,0.9476,2.252e-13
0.79,0.035598,0.9644,0.00012433,0.0087023,0.0052182,0.95036,2.4003e-12
0.8,0.035052,0.96495,0.00012158,0.0085807,0.0051158,0.95113,2.1993e-11
0.81,0.033941,0.96606,0.00011917,0.0084801,0.0050213,0.95244,1.7347e-10
0.82,0.033313,0.96669,0.00011743,0.00838,0.0049271,0.95326,1.1871e-09
0.83,0.033464,0.96654,0.00011575,0.0082829,0.004831,0.95331,7.0182e-09
0.84,0.033227,0.96677,0.00011384,0.0081997,0.0047418,0.95372,3.5891e-08
0.85,0.033399,0.9666,0.00011258,0.0081185,0.004652,0.95372,1.6346e-07
0.86,0.034358,0.96564,0.00011111,0.0080402,0.0045599,0.95293,6.6483e-07
0.87,0.035322,0.96468,0.00011042,0.0078958,0.0044713,0.9522,2.437e-06
0.88,0.035775,0.96423,0.00011094,0.0078094,0.0043878,0.95191,8.0943e-06
0.89,0.036503,0.9635,0.00010957,0.0076889,0.0043052,0.95137,2.4158e-05
0.9,0.03679,0.96321,0.0001065,0.0076114,0.0042273,0.9512,6.4541e-05
0.91,0.036729,0.96327,0.00010463,0.0075559,0.004152,0.9513,0.0001588
0.92,0.034866,0.96513,0.00010329,0.0075271,0.0040866,0.95306,0.00036054
0.93,0.035504,0.9645,0.00010167,0.0074987,0.004015,0.9521,0.00078522
0.94,0.034815,0.96518,0.00010074,0.0074806,0.0039485,0.95218,0.0014754
0.95,0.035202,0.9648,9.9759e-05,0.0074587,0.00388,0.95067,0.0026934
0.96,0.035265,0.96473,9.8869e-05,0.0074584,0.0038182,0.94858,0.0047803
0.97,0.036697,0.9633,9.8273e-05,0.0074468,0.0037557,0.94398,0.0080239
0.98,0.040877,0.95912,9.754e-05,0.007582,0.0036998,0.9351,0.012646
0.99,0.04663,0.95337,9.7107e-05,0.007214,0.0036682,0.92335,0.019042
1,0.057055,0.94295,9.7672e-05,0.0072917,0.0036723,0.90448,0.027401
1.01,0.078765,0.92124,9.9695e-05,0.0074453,0.0037155,0.87247,0.037507
1.02,0.10839,0.89161,0.00010356,0.0078331,0.0038671,0.83051,0.049302
1.03,0.14,0.86,0.00011432,0.008617,0.0042326,0.78264,0.06439
1.04,0.20779,0.79221,0.00013026,0.0092275,0.0046231,0.69848,0.079747
1.05,0.29735,0.70265,0.00014938,0.010212,0.0051273,0.5924,0.094763
1.06,0.37271,0.62729,0.0001811,0.011906,0.0058205,0.49704,0.11234
1.07,0.44385,0.55615,0.0001977,0.013383,0.0064727,0.41065,0.12545
1.08,0.51011,0.48989,0.00021629,0.015291,0.0068692,0.33589,0.13163
1.09,0.56413,0.43587,0.00023003,0.015953,0.0072599,0.27376,0.13866
1.1,0.6116,0.3884,0.00024745,0.016076,0.007659,0.21998,0.14443
1.11,0.65456,0.34544,0.00025437,0.016153,0.0080799,0.1733,0.14765
1.12,0.71173,0.28827,0.0002399,0.015686,0.0076411,0.12434,0.14037
1.13,0.7318,0.2682,0.00022255,0.01661,0.0080754,0.096216,0.14708
1.14,0.73749,0.26251,0.00024035,0.018842,0.0090853,0.074058,0.16028
1.15,0.78907,0.21093,0.00022994,0.017089,0.0078343,0.043503,0.14227
1.16,0.79043,0.20957,0.00023284,0.018298,0.0087535,0.028735,0.15355
1.17,0.80522,0.19478,0.00024394,0.019377,0.0082404,0.014676,0.15224
1.18,0.8181,0.1819,0.00023802,0.017973,0.0085989,0.0046133,0.15047
1.19,0.83524,0.16476,0.00022935,0.01809,0.0077288,0.0017745,0.13694
1.2,0.82077,0.17923,0.00023066,0.020016,0.0084462,0.0011688,0.14937
1.21,0.82068,0.17932,0.00022327,0.019498,0.0090439,0.00069405,0.14986
1.22,0.83969,0.16031,0.00021729,0.018062,0.007642,0.00036784,0.13402
1.23,0.84316,0.15684,0.00020959,0.017187,0.007761,0.00020465,0.13148
1.24,0.83789,0.16211,0.0002511,0.018939,0.0079332,0.00011191,0.13488
1.25,0.85128,0.14872,0.0002171,0.016574,0.0073315,4.276e-05,0.12455
1.26,0.85012,0.14988,0.00020856,0.017298,0.0075316,1.7154e-05,0.12482
1.27,0.84687,0.15313,0.00022339,0.017942,0.0075671,9.6012e-06,0.12738
1.28,0.86287,0.13713,0.00019893,0.016092,0.006908,5.1198e-06,0.11392
1.29,0.85725,0.14275,0.00021208,0.017971,0.0070842,3.1415e-06,0.11748
1.3,0.85584,0.14416,0.00021925,0.017504,0.0073635,1.9657e-06,0.11908
1.31,0.85935,0.14065,0.00022756,0.018934,0.0068995,1.1084e-06,0.11459
1.32,0.86769,0.13231,0.00018901,0.016466,0.0066369,5.7953e-07,0.10901
1.33,0.86004,0.13996,0.00021909,0.017762,0.0070338,2.9573e-07,0.11494
1.34,0.87085,0.12915,0.0001828,0.019141,0.0061856,1.1614e-07,0.10364
1.35,0.86571,0.13429,0.00019259,0.01949,0.0065512,6.9542e-08,0.10805
1.36,0.87294,0.12706,0.00017309,0.019675,0.0062856,3.9725e-08,0.10092
1.37,0.88057,0.11943,0.00015524,0.017312,0.0057717,2.3398e-08,0.096189
1.38,0.88595,0.11405,0.0001546,0.0152,0.005654,1.5287e-08,0.093041
1.39,0.88882,0.11118,0.0001595,0.013136,0.0054997,9.9872e-09,0.092389
1.4,0.89416,0.10584,0.00014607,0.011664,0.005228,5.7611e-09,0.088799
1.41,0.88952,0.11048,0.00014554,0.012222,0.0055571,3.5021e-09,0.092553
1.42,0.88982,0.11018,0.00014701,0.013212,0.0053872,2.4465e-09,0.091431
1.43,0.88524,0.11476,0.00015134,0.013728,0.0056499,1.2142e-09,0.095235
1.44,0.88583,0.11417,0.00014879,0.012879,0.0055915,8.2563e-10,0.095547
1.45,0.84348,0.15652,0.00019139,0.018134,0.0072039,0.0117,0.11929
1.46,0.84522,0.15478,0.00018723,0.016487,0.0072979,0.011678,0.11913
1.47,0.84574,0.15426,0.00019051,0.018585,0.0068116,0.011449,0.11722
1.48,0.85787,0.14213,0.00017609,0.014295,0.0065409,0.01073,0.11038
1.49,0.85747,0.14253,0.00017363,0.015896,0.0064992,0.010712,0.10925
1.5,0.86491,0.13509,0.00016952,0.013367,0.0061749,0.010301,0.10508
1.51,0.85968,0.14032,0.00017193,0.017176,0.0060879,0.010408,0.10648
1.52,0.86392,0.13608,0.00017658,0.015801,0.0060045,0.010195,0.1039
1.53,0.86474,0.13526,0.00017617,0.016612,0.0058264,0.010066,0.10258
1.54,0.86948,0.13052,0.00017217,0.014857,0.0056784,0.009793,0.10002
1.55,0.87069,0.12931,0.00017009,0.018215,0.0054903,0.009371,0.096067
1.56,0.8784,0.1216,0.00016574,0.011608,0.0053785,0.0092508,0.095196
1.57,0.87992,0.12008,0.00017779,0.01198,0.0050738,0.0091211,0.093726
1.58,0.86249,0.13751,0.00020738,0.013227,0.00613,0.010436,0.10751
1.59,0.86683,0.13317,0.00020005,0.012624,0.0058206,0.010136,0.10439
1.6,0.87928,0.12072,0.00019105,0.011986,0.0051464,0.0091155,0.094277
1.61,0.87574,0.12426,0.00019486,0.011948,0.0055668,0.0093913,0.097162
1.62,0.86836,0.13164,0.00021318,0.012524,0.0057752,0.0099321,0.1032
1.63,0.87262,0.12738,0.00020318,0.012043,0.0054531,0.0096421,0.10004
1.64,0.87579,0.12421,0.00021577,0.012029,0.0053388,0.0093872,0.097237
1.65,0.87848,0.12152,0.00020381,0.011744,0.0051414,0.0091316,0.095303
1.66,0.88338,0.11662,0.00018719,0.010946,0.0050735,0.0087856,0.091626
1.67,0.88154,0.11846,0.00020152,0.011262,0.0051028,0.0089057,0.092991
1.68,0.88741,0.11259,0.0001909,0.010924,0.0046863,0.0084151,0.088371
1.69,0.87088,0.12912,0.0002577,0.013223,0.0053134,0.0096325,0.1007
1.7,0.88647,0.11353,0.00017316,0.011157,0.004636,0.008499,0.089061
1.71,0.88557,0.11443,0.00018568,0.010802,0.0048004,0.0085604,0.090079
1.72,0.89271,0.10729,0.00015689,0.010312,0.0043259,0.0079895,0.08451
1.73,0.89136,0.10864,0.00014876,0.010237,0.0044409,0.008087,0.085726
1.74,0.89467,0.10533,0.0001392,0.0099665,0.0043004,0.0078495,0.083073
1.75,0.89296,0.10704,0.00014802,0.010253,0.0043402,0.0079389,0.084363
1.76,0.89603,0.10397,0.00014053,0.0096625,0.0042097,0.0077378,0.082223
1.77,0.88595,0.11405,0.00014718,0.011055,0.0046087,0.0084886,0.08975
1.78,0.89012,0.10988,0.00013893,0.010346,0.0044424,0.0081384,0.086813
1.79,0.89725,0.10275,0.00012848,0.0096594,0.0040995,0.0075707,0.081292
1.8,0.89608,0.10392,0.000128,0.0096619,0.0041516,0.007665,0.082315
1.81,0.89584,0.10416,0.00012976,0.010256,0.0039945,0.0076599,0.08212
1.82,0.88993,0.11007,0.00012461,0.010957,0.0042892,0.0080961,0.086607
1.83,0.90012,0.099879,0.00011534,0.0093474,0.0038869,0.0073391,0.07919
1.84,0.897,0.103,0.00011792,0.0093054,0.0041482,0.0075904,0.081834
1.85,0.89914,0.10086,0.00011588,0.0096571,0.0038249,0.0073967,0.079863
1.86,0.89711,0.10289,0.00011132,0.0096936,0.0039637,0.0075421,0.081576
1.87,0.90295,0.097054,0.00010434,0.0093461,0.0035998,0.0070775,0.076926
1.88,0.90411,0.095891,0.00010575,0.0087558,0.0036926,0.0069848,0.076352
1.89,0.90367,0.096334,0.00010386,0.0092109,0.0036036,0.006976,0.07644
1.9,0.90457,0.095431,0.00010445,0.0088985,0.0035843,0.0069316,0.075912
1.91,0.90425,0.095754,0.00010203,0.008991,0.0035486,0.0069378,0.076175
1.92,0.90128,0.098721,0.00010255,0.0095704,0.0036905,0.0071263,0.078231
1.93,0.89836,0.10164,0.00010145,0.0091097,0.0039144,0.0073894,0.081126
1.94,0.89806,0.10194,0.00010131,0.0091912,0.0038926,0.0074463,0.081309
1.95,0.88875,0.11125,0.00010451,0.010555,0.0044013,0.0080999,0.088085
1.96,0.903,0.097001,0.00010068,0.0093564,0.0035459,0.0069667,0.077031
1.97,0.89662,0.10338,0.00010365,0.0099927,0.0038006,0.007468,0.082016
1.98,0.90483,0.09517,9.6662e-05,0.0087963,0.0034808,0.0068312,0.075965
1.99,0.8962,0.1038,0.0001028,0.012156,0.0034921,0.0073337,0.080712
2,0.43396,0.56604,0.0065028,0.50613,0.002073,0.0041921,0.047149
2.01,0.43481,0.56519,0.0065336,0.50485,0.0020865,0.0042117,0.047508
2.02,0.42515,0.57485,0.0066527,0.51327,0.0021335,0.0042907,0.048498
2.03,0.41798,0.58202,0.006733,0.51974,0.0021455,0.004346,0.049048
2.04,0.40391,0.59609,0.0069057,0.5331,0.0021446,0.0043826,0.049555
2.05,0.33144,0.66856,0.0077356,0.59854,0.0023807,0.0048652,0.055045
2.06,0.35544,0.64456,0.0077378,0.57434,0.002413,0.0048633,0.055213
2.07,0.35804,0.64196,0.007969,0.57287,0.0023469,0.0047591,0.054017
2.08,0.33791,0.66209,0.0082377,0.59195,0.0023728,0.004829,0.054701
2.09,0.34276,0.65724,0.0083777,0.5878,0.0022761,0.0047467,0.054043
2.1,0.35693,0.64307,0.008262,0.5749,0.0022242,0.0046477,0.053034
2.11,0.31913,0.68087,0.0090449,0.60893,0.0023575,0.0049122,0.05562
2.12,0.34484,0.65516,0.0088312,0.58353,0.0023726,0.0048657,0.055562
2.13,0.3399,0.6601,0.0090233,0.58905,0.0023418,0.004811,0.054873
2.14,0.34276,0.65724,0.0091282,0.58607,0.0023106,0.0047829,0.054941
2.15,0.32127,0.67873,0.0098458,0.60394,0.0024534,0.0050419,0.057444
2.16,0.33629,0.66371,0.0096455,0.59308,0.0022204,0.0047095,0.054057
2.17,0.35774,0.64226,0.0089451,0.57291,0.0021771,0.00464,0.053589
2.18,0.35755,0.64245,0.0092883,0.57216,0.0021991,0.0046958,0.054102
2.19,0.3778,0.6222,0.0090003,0.55394,0.002122,0.0045592,0.052574
2.2,0.37525,0.62475,0.0090557,0.55561,0.0021593,0.0046105,0.053314
2.21,0.38394,0.61606,0.0091145,0.54596,0.002134,0.0046795,0.054168
2.22,0.38603,0.61397,0.0094376,0.54103,0.0022452,0.0048821,0.056369
2.23,0.36726,0.63274,0.010375,0.55245,0.0025996,0.0053951,0.061917
2.24,0.41212,0.58788,0.008706,0.51106,0.0023892,0.0052116,0.060522
2.25,0.43929,0.56071,0.0085493,0.48492,0.0022994,0.0051326,0.059811
2.26,0.42985,0.57015,0.0086087,0.48358,0.002915,0.0060097,0.069044
2.27,0.49308,0.50692,0.0073992,0.43049,0.0023604,0.005256,0.061411
2.28,0.50832,0.49168,0.0065498,0.40993,0.0026046,0.005738,0.066856
2.29,0.47846,0.52154,0.0078991,0.42023,0.0036176,0.0072561,0.082534
2.3,0.55744,0.44256,0.0064642,0.36225,0.0024723,0.0056242,0.065755
2.31,0.58389,0.41611,0.0055679,0.33521,0.0024311,0.0056959,0.067207
2.32,0.61697,0.38303,0.0047664,0.29947,0.0025529,0.0059566,0.070283
2.33,0.62696,0.37304,0.0045307,0.28406,0.0027675,0.0063846,0.07529
2.34,0.66501,0.33499,0.0038054,0.24537,0.0028193,0.0064935,0.076506
2.35,0.68963,0.31037,0.0035386,0.217,0.0028868,0.0067689,0.080176
2.36,0.74192,0.25808,0.0027141,0.16934,0.0027146,0.0064675,0.076844
2.37,0.76685,0.23315,0.002396,0.14033,0.0029113,0.0068551,0.080653
2.38,0.7366,0.2634,0.0020403,0.12267,0.0052873,0.010779,0.12262
2.39,0.8309,0.1691,0.00079202,0.054758,0.0038644,0.0087011,0.10099
2.4,0.89459,0.10541,6.6453e-15,-2.3254e-15,0.0033067,0.0079194,0.094181
2.41,0.83868,0.16132,8.7474e-14,-2.2935e-14,0.0061356,0.012494,0.14269
2.42,0.89272,0.10728,5.8071e-14,1.5822e-15,0.0031751,0.0081087,0.095996
2.43,0.83685,0.16315,-1.0499e-14,-1.6581e-15,0.0057977,0.012635,0.14472
2.44,0.88385,0.11615,1.3683e-14,-6.7931e-16,0.0036856,0.0087051,0.10376
2.45,0.86781,0.13219,-8.8926e-10,2.5524e-14,0.0044582,0.010052,0.11768
2.46,0.86958,0.13042,-1.1795e-14,-2.0712e-15,0.0047664,0.010062,0.11559
2.47,0.88374,0.11626,7.5522e-15,-6.0907e-17,0.0036178,0.0087541,0.10389
2.48,0.8947,0.1053,7.3864e-15,-8.9094e-16,0.0031315,0.0079379,0.094227
2.49,0.88802,0.11198,-3.4064e-15,-1.0248e-16,0.0033355,0.0084719,0.10017
2.5,0.87077,0.12923,1.8147e-14,-1.1008e-15,0.0046356,0.0098109,0.11478
2.51,0.86664,0.13336,2.8345e-14,-7.1024e-16,0.0046624,0.0097825,0.11891
2.52,0.87863,0.12137,2.393e-15,-1.1218e-15,0.0041633,0.0086426,0.10856
2.53,0.85462,0.14538,2.7925e-14,-1.5768e-15,0.0048102,0.0099014,0.13066
2.54,0.90032,0.099684,3.6953e-15,-1.9993e-15,0.0029799,0.0064559,0.090248
2.55,0.88859,0.11141,1.0871e-14,2.1033e-15,0.0037523,0.006837,0.10082
2.56,0.8983,0.1017,-6.7362e-15,-5.235e-15,0.0033425,0.0059609,0.092393
2.57,0.86746,0.13254,-3.4251e-14,-1.613e-15,0.0043217,0.0075723,0.12064
2.58,0.895,0.105,9.8033e-15,-6.5591e-15,0.0033365,0.0056013,0.096063
2.59,0.87119,0.12881,1.9099e-15,-9.8319e-16,0.0043778,0.0066916,0.11774
2.6,0.88646,0.11354,-3.1238e-14,1.9714e-18,0.0038321,0.0055514,0.10416
2.61,0.80085,0.19915,0.0012055,0.10095,0.0033287,0.0044048,0.089257
2.62,0.74627,0.25373,0.002123,0.17588,0.0023846,0.0031821,0.070152
2.63,0.66009,0.33991,0.0030658,0.26658,0.0021524,0.0027555,0.06535
2.64,0.65827,0.34173,0.0033154,0.27664,0.0018609,0.0022306,0.057677
2.65,0.60124,0.39876,0.004028,0.33539,0.0018002,0.0019898,0.055546
2.66,0.54667,0.45333,0.0047156,0.39081,0.0017684,0.0017992,0.054246
2.67,0.52627,0.47373,0.0049724,0.41326,0.0017031,0.0015751,0.052218
2.68,0.50378,0.49622,0.0056924,0.43978,0.001526,0.0012937,0.047924
2.69,0.46906,0.53094,0.0059707,0.47465,0.0015295,0.0011465,0.047645
2.7,0.44343,0.55657,0.0064033,0.50358,0.001392,0.00093251,0.044269
2.71,0.41875,0.58125,0.0069119,0.52896,0.0013672,0.00080714,0.043209
2.72,0.3995,0.6005,0.0072668,0.54955,0.0013028,0.00070779,0.041669
2.73,0.38413,0.61587,0.0075647,0.56669,0.0012275,0.00068359,0.039706
2.74,0.36067,0.63933,0.007955,0.59107,0.0011904,0.00067055,0.038443
2.75,0.34356,0.65644,0.008356,0.609,0.0011426,0.0006559,0.037285
2.76,0.33072,0.66928,0.0087237,0.62289,0.0010956,0.00062968,0.035944
2.77,0.31612,0.68388,0.0089956,0.63841,0.001055,0.00061464,0.034809
2.78,0.29809,0.70191,0.0093821,0.65715,0.0010173,0.00060379,0.033756
2.79,0.28645,0.71355,0.0096845,0.66963,0.00097802,0.00059107,0.032666
2.8,0.27226,0.72774,0.010005,0.68468,0.00094083,0.00057175,0.031546
2.81,0.28742,0.71258,0.0097059,0.6686,0.00097859,0.00059364,0.032701
2.82,0.30424,0.69576,0.0093531,0.65095,0.0010093,0.00062167,0.033829
2.83,0.32156,0.67844,0.0089889,0.63308,0.0010239,0.00064512,0.034703
2.84,0.34209,0.65791,0.0085962,0.61188,0.0010535,0.00066854,0.035709
2.85,0.3577,0.6423,0.0082036,0.59569,0.0010723,0.00068427,0.036655
2.86,0.37937,0.62063,0.0078341,0.5731,0.0011121,0.0007148,0.037866
2.87,0.39657,0.60343,0.0073226,0.55472,0.0011639,0.00075478,0.03947
2.88,0.42416,0.57584,0.0069291,0.52696,0.0011629,0.00077232,0.040014
2.89,0.44899,0.55101,0.0065535,0.50125,0.0011922,0.00080287,0.041204
2.9,0.46954,0.53046,0.0061502,0.47937,0.0012472,0.00084251,0.042849
2.91,0.49767,0.50233,0.0056796,0.45091,0.0012575,0.00085527,0.043627
2.92,0.52495,0.47505,0.0052884,0.42324,0.001264,0.00087649,0.044373
2.93,0.55218,0.44782,0.0048099,0.39434,0.0013362,0.00092923,0.046405
2.94,0.58339,0.41661,0.004381,0.3623,0.0013559,0.00096128,0.047604
2.95,0.6138,0.3862,0.0039026,0.32954,0.0014613,0.0010318,0.050265
2.96,0.64987,0.35013,0.0033846,0.29377,0.0014313,0.0010433,0.050496
2.97,0.68289,0.31711,0.0029317,0.25874,0.0015123,0.001105,0.052817
2.98,0.72181,0.27819,0.0023571,0.21843,0.0015719,0.0011448,0.054682
2.99,0.76862,0.23138,0.0018526,0.17168,0.0015647,0.0011555,0.055123
3,0.80047,0.19953,0.001293,0.13824,0.0016144,0.0012092,0.057171
3.01,0.79505,0.20495,0.001447,0.14486,0.0015699,0.0011924,0.055883
3.02,0.7856,0.2144,0.001605,0.15467,0.0015444,0.0011922,0.055386
3.03,0.77276,0.22724,0.0017828,0.16882,0.0014891,0.0011715,0.053981
3.04,0.76779,0.23221,0.0019509,0.17462,0.0014556,0.0011602,0.05303
3.05,0.75771,0.24229,0.0021078,0.18458,0.0014532,0.0011636,0.05299
3.06,0.7527,0.2473,0.0022758,0.19033,0.0014252,0.0011421,0.052129
3.07,0.74547,0.25453,0.002405,0.19779,0.0014029,0.0011433,0.051785
3.08,0.74544,0.25456,0.0025797,0.19882,0.0013572,0.0011276,0.050678
3.09,0.74121,0.25879,0.0027159,0.20245,0.0013713,0.0011468,0.051101
3.1,0.7331,0.2669,0.0028293,0.21137,0.0013412,0.0011371,0.050217
3.11,0.72289,0.27711,0.0029541,0.22191,0.0013241,0.0011374,0.049778
3.12,0.71181,0.28819,0.0030667,0.23305,0.001318,0.001144,0.049615
3.13,0.70361,0.29639,0.003187,0.24186,0.0012948,0.0011378,0.048913
3.14,0.6946,0.3054,0.0033128,0.25122,0.0012786,0.001137,0.048457
3.15,0.68442,0.31558,0.0034282,0.26166,0.001262,0.0011375,0.048092
3.16,0.67462,0.32538,0.0035375,0.27176,0.0012492,0.0011261,0.047707
3.17,0.66498,0.33502,0.0036432,0.28125,0.0012563,0.0011315,0.047744
3.18,0.65637,0.34363,0.0037508,0.29038,0.0012317,0.0011269,0.047144
3.19,0.64776,0.35224,0.0038599,0.29899,0.0012322,0.0011334,0.047023
3.2,0.64013,0.35987,0.0039679,0.30751,0.0011938,0.0011199,0.046078
3.21,0.46834,0.53166,0.0064624,0.48385,0.0010227,0.00096445,0.039359
3.22,0.34585,0.65415,0.0085712,0.61038,0.00087092,0.00082742,0.033498
3.23,0.25844,0.74156,0.010465,0.70126,0.00073581,0.00070694,0.028394
3.24,0.19579,0.80421,0.012242,0.76667,0.00062042,0.00060414,0.024074
3.25,0.15004,0.84996,0.013953,0.81444,0.00052703,0.00051897,0.020519
3.26,0.11578,0.88422,0.015618,0.85012,0.00045154,0.00044816,0.017584
3.27,0.091401,0.9086,0.017303,0.87547,0.00038606,0.0003866,0.015054
3.28,0.073745,0.92625,0.019,0.89366,0.00033169,0.00033466,0.012933
3.29,0.060433,0.93957,0.020676,0.90721,0.00028395,0.00028946,0.011103
3.3,0.050656,0.94934,0.022373,0.91701,0.00024044,0.00024877,0.0094724
3.31,0.043533,0.95647,0.024073,0.92381,0.00020772,0.00021598,0.0081643
3.32,0.03794,0.96206,0.025761,0.92889,0.00017869,0.00018761,0.0070409
3.33,0.033911,0.96609,0.027456,0.93228,0.0001529,0.00016213,0.0060414
3.34,0.030731,0.96927,0.029139,0.93463,0.00013191,0.00014114,0.0052222
3.35,0.028398,0.9716,0.030823,0.93603,0.00011422,0.00012286,0.0045143
3.36,0.026601,0.9734,0.032501,0.93682,9.7276e-05,0.00010619,0.0038751
3.37,0.025227,0.97477,0.034165,0.93707,8.437e-05,9.2767e-05,0.003362
3.38,0.024081,0.97592,0.035818,0.93702,7.3513e-05,8.1165e-05,0.0029218
3.39,0.023201,0.9768,0.037462,0.93667,6.355e-05,7.0733e-05,0.0025292
3.4,0.02245,0.97755,0.039089,0.93615,5.4925e-05,6.1668e-05,0.0021906
3.41,0.02285,0.97715,0.037147,0.9373,6.4255e-05,7.2768e-05,0.0025676
3.42,0.02337,0.97663,0.035217,0.93824,7.5261e-05,8.5912e-05,0.0030114
3.43,0.024213,0.97579,0.03331,0.93876,8.8114e-05,0.00010137,0.0035301
3.44,0.025445,0.97455,0.031425,0.93878,0.00010264,0.00011925,0.0041257
3.45,0.027115,0.97289,0.029553,0.93827,0.00011872,0.00013962,0.0047996
3.46,0.029547,0.97045,0.027713,0.93684,0.00013818,0.00016378,0.0055942
3.47,0.033032,0.96697,0.025903,0.93414,0.0001629,0.00019353,0.0065691
3.48,0.037527,0.96247,0.024111,0.93032,0.00018789,0.00022614,0.0076279
3.49,0.043915,0.95608,0.022358,0.92436,0.00021902,0.000265,0.0088839
3.5,0.052424,0.94758,0.02063,0.91602,0.00025462,0.00031083,0.010356
3.51,0.064058,0.93594,0.018932,0.9043,0.00029662,0.00036385,0.012049
3.52,0.079758,0.92024,0.017277,0.88827,0.00034066,0.00042329,0.013934
3.53,0.10064,0.89936,0.01564,0.86654,0.00039895,0.00050089,0.016279
3.54,0.12912,0.87088,0.014039,0.83684,0.00046553,0.00058905,0.018948
3.55,0.16778,0.83222,0.012471,0.79663,0.00053633,0.00068475,0.021897
3.56,0.21964,0.78036,0.010883,0.74279,0.0006162,0.00079496,0.025273
3.57,0.28804,0.71196,0.0092287,0.67182,0.00071225,0.00092603,0.029269
3.58,0.37956,0.62044,0.0075005,0.57704,0.00082733,0.0010817,0.033993
3.59,0.50388,0.49612,0.0056071,0.44908,0.00095217,0.0012552,0.039218
3.6,0.66849,0.33151,0.0033713,0.28002,0.0011082,0.0014708,0.045544
3.61,0.66839,0.33161,0.0033556,0.27992,0.0011135,0.0014952,0.045717
3.62,0.66944,0.33056,0.0033527,0.27881,0.0011165,0.0015055,0.045772
3.63,0.67057,0.32943,0.0033372,0.27799,0.001103,0.0015046,0.045494
3.64,0.67044,0.32956,0.003323,0.27813,0.0011009,0.0015126,0.045494
3.65,0.67199,0.32801,0.0033205,0.27667,0.0011012,0.0015176,0.045403
3.66,0.67186,0.32814,0.0032998,0.27664,0.0011033,0.0015312,0.045565
3.67,0.67337,0.32663,0.0033023,0.27553,0.0010895,0.0015265,0.045183
3.68,0.67308,0.32692,0.0032739,0.2754,0.0011055,0.0015585,0.045583
3.69,0.67459,0.32541,0.003276,0.2744,0.0010859,0.0015546,0.045097
3.7,0.67409,0.32591,0.0032519,0.27439,0.0011036,0.0015792,0.045578
3.71,0.67591,0.32409,0.0032576,0.27307,0.0010863,0.0015704,0.0451
3.72,0.67586,0.32414,0.0032406,0.27304,0.0010862,0.0015871,0.045186
3.73,0.67654,0.32346,0.0032254,0.27213,0.0010979,0.0016122,0.045404
3.74,0.67745,0.32255,0.0032276,0.27146,0.0010885,0.0016112,0.045162
3.75,0.67753,0.32247,0.0032019,0.2715,0.001082,0.0016158,0.045069
3.76,0.6788,0.3212,0.0031987,0.2703,0.0010796,0.0016211,0.045003
3.77,0.67944,0.32056,0.0031952,0.2696,0.0010826,0.0016305,0.045052
3.78,0.67905,0.32095,0.0031746,0.26967,0.0010941,0.0016555,0.045355
3.79,0.67992,0.32008,0.0031578,0.26889,0.0010921,0.001669,0.045267
3.8,0.68079,0.31921,0.0031562,0.26801,0.0010931,0.0016765,0.045267
3.81,0.68149,0.31851,0.0031553,0.26741,0.0010896,0.0016806,0.045168
3.82,0.68153,0.31847,0.003137,0.26731,0.0010913,0.0016923,0.045236
3.83,0.6822,0.3178,0.0031193,0.26672,0.0010895,0.0017073,0.04516
3.84,0.68317,0.31683,0.0031136,0.26581,0.0010878,0.0017159,0.045101
3.85,0.68385,0.31615,0.0031122,0.26513,0.0010878,0.0017236,0.045102
3.86,0.68476,0.31524,0.0031081,0.26448,0.0010771,0.0017213,0.044849
3.87,0.68505,0.31495,0.0030975,0.26425,0.001074,0.0017336,0.044795
3.88,0.68528,0.31472,0.0030811,0.26404,0.0010742,0.0017484,0.044781
3.89,0.68586,0.31414,0.0030667,0.26337,0.0010805,0.0017592,0.044866
3.9,0.6862,0.3138,0.0030586,0.26286,0.0010852,0.0017726,0.045019
3.91,0.68708,0.31292,0.0030463,0.26237,0.0010703,0.0017683,0.044667
3.92,0.68736,0.31264,0.0030346,0.26187,0.0010815,0.0017937,0.044869
3.93,0.68791,0.31209,0.0030246,0.26127,0.0010827,0.0018052,0.04491
3.94,0.68881,0.31119,0.0030181,0.26075,0.0010693,0.0018008,0.044555
3.95,0.68905,0.31095,0.0030083,0.26014,0.0010836,0.0018312,0.044886
3.96,0.69014,0.30986,0.0030066,0.25952,0.0010667,0.0018227,0.044448
3.97,0.69046,0.30954,0.0030024,0.25892,0.001077,0.0018404,0.044706
3.98,0.69122,0.30878,0.0029987,0.25832,0.0010736,0.0018412,0.044552
3.99,0.69217,0.30783,0.002994,0.25757,0.0010648,0.0018478,0.044353
4,0.6927,0.3073,0.0029838,0.25682,0.0010754,0.0018698,0.044549
4.01,0.69324,0.30676,0.0029664,0.25642,0.0010723,0.0018718,0.044429
4.02,0.69345,0.30655,0.0029511,0.25632,0.0010672,0.0018824,0.044325
4.03,0.69397,0.30603,0.0029495,0.25584,0.001065,0.001897,0.044278
4.04,0.69484,0.30516,0.0029489,0.25498,0.001065,0.0019123,0.044251
4.05,0.69533,0.30467,0.0029334,0.25445,0.0010671,0.0019303,0.044286
4.06,0.69553,0.30447,0.0029226,0.25421,0.0010688,0.0019448,0.044325
4.07,0.69641,0.30359,0.0029245,0.25343,0.0010666,0.001947,0.04422
4.08,0.69703,0.30297,0.0029068,0.25284,0.0010669,0.0019608,0.044187
4.09,0.69702,0.30298,0.0028926,0.25281,0.0010685,0.0019792,0.044238
4.1,0.69814,0.30186,0.0029033,0.25188,0.0010625,0.0019856,0.044022
4.11,0.69842,0.30158,0.0028775,0.25151,0.0010685,0.0020062,0.044118
4.12,0.69848,0.30152,0.0028766,0.2512,0.0010784,0.0020282,0.044336
4.13,0.69969,0.30031,0.0028767,0.25011,0.0010761,0.0020298,0.044225
4.14,0.69949,0.30051,0.0028516,0.25023,0.0010778,0.0020489,0.044295
4.15,0.70082,0.29918,0.0028643,0.2493,0.0010643,0.0020469,0.043898
4.16,0.70075,0.29925,0.0028357,0.24915,0.0010766,0.002074,0.044122
4.17,0.70157,0.29843,0.0028487,0.24826,0.0010785,0.0020914,0.044145
4.18,0.70197,0.29803,0.0028206,0.24818,0.0010679,0.0020947,0.043866
4.19,0.7027,0.2973,0.0028358,0.24725,0.0010787,0.0021182,0.044021
4.2,0.70279,0.29721,0.0028054,0.24723,0.0010752,0.0021321,0.043964
4.21,0.70388,0.29612,0.0028178,0.24628,0.0010742,0.0021363,0.043817
4.22,0.70375,0.29625,0.0027939,0.24625,0.0010799,0.0021513,0.043976
4.23,0.70492,0.29508,0.0027958,0.24532,0.0010748,0.0021553,0.043731
4.24,0.70509,0.29491,0.0027929,0.24508,0.0010764,0.0021742,0.043788
4.25,0.70543,0.29457,0.0027703,0.24463,0.0010852,0.0021954,0.043888
4.26,0.70657,0.29343,0.0027805,0.24391,0.0010691,0.002191,0.043483
4.27,0.70633,0.29367,0.0027647,0.24373,0.0010867,0.0022263,0.043865
4.28,0.70709,0.29291,0.0027481,0.24316,0.0010835,0.0022333,0.043686
4.29,0.70814,0.29186,0.002759,0.24244,0.0010705,0.0022319,0.043353
4.3,0.70807,0.29193,0.002749,0.24222,0.0010826,0.0022615,0.04362
4.31,0.70829,0.29171,0.0027264,0.24182,0.0010933,0.0022855,0.043777
4.32,0.70931,0.29069,0.002728,0.24109,0.0010855,0.0022868,0.043501
4.33,0.71,0.29,0.0027325,0.24064,0.0010769,0.0022901,0.043268
4.34,0.71026,0.28974,0.0027191,0.24038,0.0010771,0.0023052,0.04326
4.35,0.71062,0.28938,0.0027031,0.23993,0.0010826,0.0023253,0.043343
4.36,0.71116,0.28884,0.0026986,0.23931,0.0010884,0.002344,0.043401
4.37,0.71164,0.28836,0.0026989,0.23878,0.001093,0.0023613,0.043434
4.38,0.71198,0.28802,0.0026925,0.2384,0.0010967,0.002378,0.043457
4.39,0.71234,0.28766,0.0026794,0.23804,0.0010988,0.002393,0.043449
4.4,0.71286,0.28714,0.0026671,0.23758,0.001099,0.0024054,0.043393
4.41,0.71351,0.28649,0.0026604,0.23702,0.0010975,0.0024152,0.043294
4.42,0.7142,0.2858,0.002659,0.23646,0.0010944,0.0024231,0.043162
4.43,0.71485,0.28515,0.002659,0.23596,0.0010904,0.0024297,0.04301
4.44,0.71541,0.28459,0.0026571,0.23554,0.0010873,0.0024369,0.042872
4.45,0.71583,0.28417,0.0026519,0.23515,0.0010892,0.0024497,0.042832
4.46,0.71608,0.28392,0.002644,0.23474,0.0010986,0.002472,0.042961
4.47,0.7163,0.2837,0.002635,0.23431,0.0011092,0.0024975,0.043141
4.48,0.71678,0.28322,0.0026261,0.2339,0.0011077,0.0025089,0.043076
4.49,0.71747,0.28253,0.0026174,0.23353,0.0010972,0.0025068,0.042784
4.5,0.71785,0.28215,0.0026084,0.23312,0.0011026,0.0025224,0.042799
4.51,0.71799,0.28201,0.0026005,0.23266,0.0011179,0.0025535,0.043074
4.52,0.71864,0.28136,0.0025963,0.23226,0.0011088,0.0025549,0.042847
4.53,0.71921,0.28079,0.0025946,0.2318,0.0011078,0.0025617,0.042717
4.54,0.71952,0.28048,0.0025916,0.23124,0.0011207,0.0025896,0.042935
4.55,0.72037,0.27963,0.0025825,0.23082,0.0011051,0.0025803,0.042539
4.56,0.72048,0.27952,0.0025716,0.23041,0.0011226,0.0026111,0.042807
4.57,0.72103,0.27897,0.0025709,0.22998,0.0011173,0.0026249,0.042675
4.58,0.72162,0.27838,0.0025713,0.22944,0.0011202,0.0026412,0.042612
4.59,0.72219,0.27781,0.0025582,0.22894,0.0011184,0.0026513,0.04254
4.6,0.72246,0.27754,0.0025438,0.22861,0.0011261,0.0026686,0.042588
4.61,0.72298,0.27702,0.0025384,0.22823,0.0011208,0.0026747,0.042456
4.62,0.72321,0.27679,0.0025317,0.22779,0.0011346,0.0027001,0.042633
4.63,0.72391,0.27609,0.0025249,0.22747,0.0011201,0.0026921,0.042279
4.64,0.72393,0.27607,0.0025235,0.22704,0.0011406,0.0027294,0.042642
4.65,0.72472,0.27528,0.0025299,0.22652,0.0011334,0.0027264,0.042376
4.66,0.72536,0.27464,0.0025121,0.22606,0.0011276,0.0027374,0.042206
4.67,0.72535,0.27465,0.002505,0.22568,0.001147,0.0027782,0.042539
4.68,0.726,0.274,0.0024959,0.22527,0.0011418,0.0027776,0.042315
4.69,0.72642,0.27358,0.0024928,0.22502,0.0011361,0.002781,0.042155
4.7,0.72694,0.27306,0.0025002,0.22441,0.0011418,0.0027984,0.042208
4.71,0.72721,0.27279,0.002482,0.22395,0.0011556,0.0028242,0.042385
4.72,0.72761,0.27239,0.0024742,0.22364,0.0011554,0.0028394,0.042285
4.73,0.72821,0.27179,0.0024687,0.22328,0.0011475,0.0028416,0.042045
4.74,0.72871,0.27129,0.0024784,0.22284,0.0011467,0.0028504,0.041973
4.75,0.72925,0.27075,0.0024558,0.22232,0.0011497,0.0028631,0.041955
4.76,0.72937,0.27063,0.0024535,0.22202,0.0011601,0.002887,0.042105
4.77,0.72968,0.27032,0.0024491,0.22163,0.0011679,0.0029052,0.042172
4.78,0.73019,0.26981,0.0024509,0.22109,0.0011726,0.002927,0.042168
4.79,0.7305,0.2695,0.002426,0.22079,0.0011769,0.0029444,0.042162
4.8,0.7309,0.2691,0.0024408,0.22039,0.0011797,0.0029561,0.042138
4.81,0.73131,0.26869,0.0024271,0.21997,0.0011841,0.0029695,0.042135
4.82,0.73179,0.26821,0.002413,0.21957,0.0011846,0.0029821,0.042059
4.83,0.73212,0.26788,0.0024277,0.2192,0.0011883,0.0030034,0.04206
4.84,0.73265,0.26735,0.0024046,0.21874,0.0011899,0.0030127,0.042
4.85,0.73303,0.26697,0.0024073,0.21842,0.0011898,0.0030256,0.041928
4.86,0.73353,0.26647,0.0024091,0.218,0.0011894,0.0030398,0.041838
4.87,0.73408,0.26592,0.0023807,0.21766,0.0011851,0.0030401,0.041659
4.88,0.73461,0.26539,0.0023954,0.21725,0.0011828,0.0030427,0.041517
4.89,0.73497,0.26503,0.0023849,0.21685,0.0011899,0.0030586,0.041546
4.9,0.73506,0.26494,0.0023767,0.21654,0.0012038,0.0030931,0.041722
4.91,0.73556,0.26444,0.0023717,0.21597,0.0012107,0.0031132,0.041776
4.92,0.73591,0.26409,0.0023759,0.21572,0.001208,0.0031198,0.041674
4.93,0.73657,0.26343,0.0023706,0.21531,0.0012007,0.0031223,0.041426
4.94,0.73678,0.26322,0.0023517,0.21503,0.0012099,0.0031421,0.041483
4.95,0.73716,0.26284,0.0023537,0.21445,0.0012234,0.0031691,0.04165
4.96,0.73755,0.26245,0.0023488,0.21418,0.0012188,0.0031797,0.041514
4.97,0.73818,0.26182,0.0023526,0.21379,0.0012135,0.0031778,0.041287
4.98,0.7381,0.2619,0.0023395,0.21351,0.0012354,0.0032151,0.041601
4.99,0.73879,0.26121,0.0023281,0.213,0.0012308,0.003216,0.04144
5,0.73931,0.26069,0.0023257,0.21273,0.0012244,0.0032152,0.041195
5.1,0.74299,0.25701,0.0022846,0.20911,0.0012629,0.0034247,0.040936
5.2,0.74639,0.25361,0.0022462,0.20547,0.0013244,0.0036072,0.04097
5.3,0.7383,0.2617,0.0023021,0.2142,0.0013487,0.0037057,0.040139
5.4,0.73008,0.26992,0.0024163,0.22252,0.0014024,0.0038466,0.039737
5.5,0.40193,0.59807,0.0063419,0.55871,0.0010698,0.0029573,0.028989
5.6,0.22725,0.77275,0.0090825,0.73895,0.00084163,0.0023043,0.021567
5.7,0.0028885,0.99711,0.083188,0.91391,5.1998e-07,1.4361e-06,1.3007e-05
5.8,0.004431,0.99557,0.1521,0.84347,6.1081e-10,1.6724e-09,1.4689e-08
5.9,0.003899,0.9961,0.084962,0.91113,4.5426e-07,1.2367e-06,1.037e-05
6,0.035899,0.9641,0.017806,0.93714,0.00036419,0.00097666,0.0078157
6.1,0.088748,0.91125,0.013323,0.88295,0.00062392,0.0017061,0.012652
6.2,0.22199,0.77801,0.0090972,0.74474,0.0010605,0.0028981,0.020209
6.3,0.26218,0.73782,0.0083306,0.70311,0.0012046,0.0033886,0.021783
6.4,0.30906,0.69094,0.0074712,0.65448,0.001388,0.0040384,0.023566
6.5,0.35044,0.64956,0.0068043,0.61159,0.0015584,0.0046678,0.024941
6.6,0.3941,0.6059,0.0063007,0.56615,0.0017485,0.0053354,0.026365
6.7,0.049211,0.95079,0.015948,0.92312,0.00060811,0.0025039,0.0086057
6.8,0.011718,0.98828,0.025804,0.95774,0.00022421,0.0015545,0.0029559
6.9,0.0088718,0.99113,0.030982,0.95709,0.00013396,0.0012493,0.0016702
7,0.0081634,0.99184,0.036064,0.95396,8.4904e-05,0.00073851,0.00098575
7.1,0.0088248,0.99118,0.035245,0.95412,9.7749e-05,0.00065799,0.0010583
7.2,0.0094689,0.99053,0.034466,0.9542,0.00010993,0.00063237,0.0011215
7.3,0.0097971,0.9902,0.034168,0.95413,0.00012081,0.00064067,0.0011463
7.4,0.010223,0.98978,0.033847,0.95398,0.00013291,0.00064943,0.0011711
7.5,0.0099136,0.99009,0.037683,0.95104,9.5908e-05,0.00048339,0.00078094
7.6,0.0099064,0.99009,0.0414,0.94773,7.0529e-05,0.00036347,0.00052894
7.7,0.010142,0.98986,0.066632,0.92315,6.0554e-06,3.0566e-05,4.1323e-05
7.8,0.010734,0.98927,0.0908,0.89846,5.9848e-07,2.4947e-06,3.731e-06
7.9,0.011784,0.98822,0.097215,0.891,3.3562e-07,1.1485e-06,1.9062e-06
8,0.012882,0.98712,0.10336,0.88376,1.932e-07,5.4008e-07,9.9794e-07
8.1,0.013353,0.98665,0.087909,0.89873,9.7108e-07,2.6592e-06,4.4505e-06
8.2,0.013886,0.98611,0.072807,0.91327,4.8263e-06,1.2828e-05,1.9534e-05
8.3,0.015326,0.98467,0.10429,0.88038,2.3839e-07,5.986e-07,8.4669e-07
8.4,0.017039,0.98296,0.13409,0.84887,1.4833e-08,3.7707e-08,4.5971e-08
8.5,0.01881,0.98119,0.12966,0.85153,2.4056e-08,6.2422e-08,6.4516e-08
8.6,0.02065,0.97935,0.12541,0.85394,4.0264e-08,1.0117e-07,9.1028e-08
8.7,0.02094,0.97906,0.10985,0.86921,2.0831e-07,5.0489e-07,4.0018e-07
8.8,0.021276,0.97872,0.094564,0.88415,1.1125e-06,2.6688e-06,1.7698e-06
8.9,0.021066,0.97893,0.071265,0.90761,1.3731e-05,2.919e-05,1.8134e-05
9,0.020984,0.97902,0.048261,0.93003,0.00017433,0.00035902,0.00019029
9.1,0.021322,0.97868,0.049992,0.92814,0.00017573,0.00020852,0.00015854
9.2,0.02164,0.97836,0.051684,0.92621,0.00017655,0.00016149,0.00013184
9.3,0.022235,0.97777,0.053273,0.92408,0.00017539,0.00012443,0.00011016
9.4,0.022822,0.97718,0.05482,0.922,0.00017374,9.5037e-05,9.2631e-05
9.5,0.023438,0.97656,0.057977,0.91831,0.00014073,6.4399e-05,6.5327e-05
9.6,0.024061,0.97594,0.061045,0.91469,0.00011296,4.5473e-05,4.6519e-05
9.7,0.024723,0.97528,0.057671,0.9173,0.00017497,6.9076e-05,6.4416e-05
9.8,0.025395,0.97461,0.054378,0.91977,0.00026516,0.0001047,8.8375e-05
9.9,0.02616,0.97384,0.05115,0.92201,0.00039377,0.00016271,0.00012015
10,0.026939,0.97306,0.048002,0.92407,0.00057668,0.000248,0.00016222
10.1,0.028103,0.9719,0.046806,0.92389,0.00068741,0.00033397,0.00017786
10.2,0.029287,0.97071,0.04564,0.92363,0.00081562,0.00043177,0.00019434
10.3,0.029356,0.97064,0.042624,0.92592,0.0012013,0.00063705,0.00026322
10.4,0.029435,0.97057,0.039672,0.92789,0.0017715,0.0008744,0.00035536
10.5,0.030463,0.96954,0.029194,0.93061,0.0059749,0.0026675,0.0010916
10.6,0.039097,0.9609,0.019081,0.90972,0.020339,0.0083918,0.0033704
10.7,0.040171,0.95983,0.018528,0.90503,0.023358,0.0094057,0.0035084
10.8,0.041226,0.95877,0.017992,0.89974,0.026683,0.010724,0.0036333
10.9,0.042012,0.95799,0.017597,0.89499,0.029854,0.011854,0.0036945
11,0.042824,0.95718,0.017212,0.89007,0.033215,0.012927,0.0037573
11.1,0.040897,0.9591,0.017887,0.89335,0.032156,0.012341,0.0033653
11.2,0.039358,0.96064,0.018562,0.89661,0.031056,0.011377,0.0030411
11.3,0.038158,0.96184,0.019232,0.89989,0.029704,0.010252,0.0027663
11.4,0.037225,0.96278,0.019889,0.90291,0.028233,0.0092149,0.0025331
11.5,0.036549,0.96345,0.020536,0.90563,0.026624,0.0083361,0.002328
11.6,0.036104,0.9639,0.021163,0.90826,0.025281,0.0070313,0.0021595
11.7,0.035331,0.96467,0.022314,0.91227,0.022576,0.005626,0.0018846
11.8,0.034883,0.96512,0.023438,0.91524,0.020198,0.0045977,0.0016449
11.9,0.034431,0.96557,0.024814,0.918,0.017589,0.0037739,0.0013954
12,0.034233,0.96577,0.026159,0.91972,0.015158,0.0035532,0.0011795
12.1,0.034011,0.96599,0.02806,0.92163,0.012227,0.003128,0.00094496
12.2,0.034037,0.96596,0.02992,0.92275,0.0097887,0.0027413,0.00076711
12.3,0.034132,0.96587,0.031916,0.92346,0.0076878,0.0021775,0.00062566
12.4,0.034349,0.96565,0.033872,0.92362,0.0059262,0.0017184,0.00051671
12.5,0.034633,0.96537,0.035788,0.92323,0.004558,0.0013532,0.00043308
12.6,0.034937,0.96506,0.03767,0.92238,0.0034246,0.0012236,0.00036207
12.7,0.035863,0.96414,0.039426,0.92075,0.0025732,0.0010858,0.00030565
12.8,0.036844,0.96316,0.041132,0.91891,0.0019231,0.00093313,0.00025908
12.9,0.037643,0.96236,0.039256,0.91953,0.0020739,0.0011751,0.0003179
13,0.03847,0.96153,0.037417,0.91999,0.0022488,0.0014792,0.00038945
13.1,0.039357,0.96064,0.033363,0.92122,0.0030983,0.0023573,0.00060471
13.2,0.040581,0.95942,0.0294,0.92107,0.004257,0.0037585,0.00093381
13.3,0.041998,0.958,0.025578,0.91912,0.0058557,0.0060159,0.0014356
13.4,0.044868,0.95513,0.021859,0.91354,0.0081417,0.0093819,0.0022115
13.5,0.050677,0.94932,0.018378,0.90178,0.011151,0.014671,0.0033457
13.6,0.062864,0.93714,0.015041,0.87719,0.015212,0.024676,0.0050151
13.7,0.077232,0.92277,0.013085,0.85358,0.018123,0.03147,0.0065104
13.8,0.1018,0.8982,0.011217,0.82031,0.021885,0.036275,0.0085185
13.9,0.11426,0.88574,0.010643,0.80879,0.022374,0.034543,0.0093897
14,0.1286,0.8714,0.010084,0.79495,0.022871,0.03319,0.010304
14.1,0.13787,0.86213,0.0098144,0.78866,0.02254,0.030267,0.010857
14.2,0.14755,0.85245,0.0095492,0.78136,0.022282,0.027848,0.011416
14.3,0.15791,0.84209,0.0092812,0.77299,0.022168,0.025647,0.012005
14.4,0.16784,0.83216,0.0089908,0.76156,0.021686,0.027482,0.012443
14.5,0.17807,0.82193,0.008712,0.74936,0.021453,0.029464,0.012942
14.6,0.18845,0.81155,0.0084583,0.73668,0.021246,0.031724,0.013439
14.7,0.19967,0.80033,0.0081881,0.72285,0.021163,0.034164,0.013963
14.8,0.21238,0.78762,0.007913,0.70868,0.021036,0.035527,0.014473
14.9,0.22279,0.77721,0.0077046,0.69749,0.020739,0.036429,0.014841
15,0.23284,0.76716,0.0075176,0.68602,0.020713,0.037618,0.015291
15.1,0.23229,0.76771,0.0075117,0.68509,0.020056,0.039798,0.015254
15.2,0.23213,0.76787,0.0075078,0.6845,0.019397,0.041271,0.015192
15.3,0.23257,0.76743,0.0074847,0.68385,0.018839,0.042118,0.01514
15.4,0.23235,0.76765,0.0074887,0.68368,0.018373,0.042999,0.015104
15.5,0.23227,0.76773,0.0074908,0.68333,0.017968,0.043874,0.015069
15.6,0.23237,0.76763,0.0074712,0.68254,0.017714,0.044838,0.015069
15.7,0.22473,0.77527,0.007407,0.67424,0.016904,0.06207,0.014644
15.8,0.21458,0.78542,0.0073297,0.66369,0.015925,0.084423,0.014058
15.9,0.20497,0.79503,0.0072286,0.6528,0.015078,0.10643,0.013488
16,0.1948,0.8052,0.0071291,0.6416,0.014198,0.12941,0.012857
16.1,0.18528,0.81472,0.007043,0.63143,0.013496,0.15045,0.012295
16.2,0.18111,0.81889,0.0069993,0.62651,0.013111,0.16027,0.012
16.3,0.17871,0.82129,0.0069787,0.62372,0.012901,0.16586,0.011829
16.4,0.17581,0.82419,0.0069591,0.62078,0.012721,0.17207,0.011651
16.5,0.1706,0.8294,0.0069057,0.61494,0.012352,0.18392,0.011289
16.6,0.1862,0.8138,0.0070355,0.6305,0.013365,0.15072,0.012179
16.7,0.20004,0.79996,0.0071689,0.6449,0.014391,0.12053,0.012982
16.8,0.20681,0.79319,0.0072245,0.65142,0.014888,0.10634,0.013317
16.9,0.21343,0.78657,0.0072878,0.6584,0.015484,0.091716,0.01368
17,0.21802,0.78198,0.0073127,0.66232,0.015861,0.082619,0.013865
17.1,0.21963,0.78037,0.0073195,0.66326,0.016082,0.079794,0.013906
17.2,0.22093,0.77907,0.0073346,0.66445,0.016334,0.077005,0.01395
17.3,0.22086,0.77914,0.0073354,0.66421,0.016487,0.077191,0.01391
17.4,0.22063,0.77937,0.0073027,0.66252,0.016545,0.079208,0.0138
17.5,0.21933,0.78067,0.0073056,0.66137,0.016741,0.081504,0.013745
17.6,0.21913,0.78087,0.0073064,0.66105,0.017073,0.081674,0.01376
17.7,0.22028,0.77972,0.0073087,0.66142,0.017285,0.079974,0.013737
17.8,0.2208,0.7792,0.0073227,0.66204,0.017604,0.078495,0.013737
17.9,0.2217,0.7783,0.0073134,0.66206,0.017959,0.077235,0.013736
18,0.22223,0.77777,0.0073281,0.66242,0.018235,0.076089,0.013706
18.1,0.22278,0.77722,0.007323,0.66228,0.018671,0.075226,0.013723
18.2,0.22378,0.77622,0.0073168,0.66238,0.018902,0.073957,0.013663
18.3,0.22413,0.77587,0.0073225,0.6623,0.019389,0.073172,0.013692
18.4,0.22492,0.77508,0.0073162,0.66253,0.019649,0.071948,0.013635
18.5,0.22525,0.77475,0.0073314,0.66268,0.020065,0.071036,0.013636
18.6,0.22574,0.77426,0.0073246,0.66237,0.020471,0.070472,0.013623
18.7,0.22662,0.77338,0.0073046,0.66206,0.020717,0.069748,0.013551
18.8,0.22655,0.77345,0.0073202,0.66203,0.02116,0.069391,0.01355
18.9,0.22656,0.77344,0.0073221,0.66191,0.02162,0.069038,0.013549
19,0.22751,0.77249,0.0072988,0.66131,0.021937,0.068441,0.013502
19.1,0.22797,0.77203,0.0072977,0.66117,0.022237,0.067866,0.013455
19.2,0.22771,0.77229,0.0073141,0.66138,0.022656,0.067495,0.013447
19.3,0.22827,0.77173,0.0073167,0.66112,0.02298,0.066901,0.013415
19.4,0.22856,0.77144,0.0073141,0.66102,0.023363,0.066338,0.013397
19.5,0.22876,0.77124,0.0073248,0.66094,0.023757,0.065836,0.013391
19.6,0.22973,0.77027,0.0073009,0.66044,0.02403,0.065149,0.013346
19.7,0.22963,0.77037,0.0073218,0.66062,0.024405,0.064676,0.013343
19.8,0.23057,0.76943,0.0073009,0.6602,0.024635,0.063996,0.013296
19.9,0.23063,0.76937,0.0073156,0.66028,0.024969,0.063517,0.013289
20,0.23129,0.76871,0.007304,0.66003,0.025212,0.062907,0.013259
