298 290.64 158.846 0 -374.026 237.664 0.0323233
299 295.201 158.846 12 -358.084 237.043 0.0344922
300 299.81 158.846 24 -342.164 236.351 0.0367916
301 304.47 158.846 36 -326.268 235.585 0.0392284
302 309.178 158.846 48 -310.134 235.009 0.0418098
303 313.937 158.846 60 -294.015 234.366 0.0445434
304 318.745 158.846 72 -277.92 233.649 0.0474371
305 323.604 158.846 84 -261.771 232.936 0.050499
306 328.514 158.846 96 -245.456 232.339 0.0537379
307 333.474 158.846 108 -229.158 231.673 0.0571626
308 338.486 158.846 120 -212.885 230.931 0.0607826
309 343.549 158.846 132 -196.475 230.274 0.0646076
310 348.663 158.846 144 -179.976 229.654 0.0686478
311 353.83 158.846 156 -163.496 228.964 0.0729138
312 359.048 158.846 168 -147.04 228.196 0.0774167
313 364.319 158.846 180 -130.363 227.598 0.082168
314 369.643 158.846 192 -113.677 226.955 0.0871797
315 375.02 158.846 204 -97.0107 226.239 0.0924643
316 380.45 158.846 216 -80.3064 225.508 0.0980348
317 385.933 158.846 228 -63.418 224.907 0.103905
318 391.47 158.846 240 -46.5425 224.24 0.110088
319 397.061 158.846 252 -29.6867 223.498 0.1166
320 402.706 158.846 264 -12.7067 222.826 0.123455
321 408.405 158.846 276 4.37599 222.202 0.130669
322 414.159 158.846 288 21.4449 221.51 0.138259
323 419.968 158.846 300 38.4933 220.741 0.146241
324 425.833 158.846 312 55.7558 220.131 0.154634
325 431.752 158.846 324 73.0361 219.482 0.163456
326 437.728 158.846 336 90.3018 218.764 0.172725
327 443.759 158.846 348 107.608 218.028 0.182462
328 449.847 158.846 360 125.098 217.421 0.192688
329 455.99 158.846 372 142.579 216.747 0.203423
330 462.191 158.846 384 160.045 216.001 0.214689
331 468.449 158.846 396 177.641 215.328 0.226511
332 474.763 158.846 408 195.336 214.696 0.23891
333 481.135 158.846 420 213.022 213.997 0.251912
334 487.565 158.846 432 230.686 213.217 0.265543
335 494.053 158.846 444 248.575 212.604 0.279829
336 500.599 158.846 456 266.473 211.942 0.294796
337 507.203 158.846 468 284.359 211.208 0.310474
338 513.866 158.846 480 302.311 210.481 0.326891
339 520.588 158.846 492 320.426 209.856 0.344078
340 527.369 158.846 504 338.534 209.165 0.362066
341 534.209 158.846 516 356.629 208.401 0.380887
342 541.109 158.846 528 374.89 207.743 0.400575
343 548.068 158.846 540 393.219 207.092 0.421164
344 555.088 158.846 552 411.54 206.372 0.442691
345 562.169 158.846 564 429.877 205.605 0.465191
346 569.309 158.846 576 448.426 204.99 0.488703
347 576.511 158.846 588 466.973 204.311 0.513267
