0.100000    35.582456    35.582456
0.107071    38.090825    38.090825
0.114141    40.598195    40.598195
0.121212    43.104566    43.104566
0.128283    45.609939    45.609939
0.135354    48.114312    48.114312
0.142424    50.617687    50.617687
0.149495    53.120063    53.120063
0.156566    55.621441    55.621441
0.163636    58.121819    58.121819
0.170707    60.621199    60.621199
0.177778    63.119580    63.119580
0.184848    65.616962    65.616962
0.191919    68.113345    68.113345
0.198990    70.608730    70.608730
0.206061    73.103115    73.103115
0.213131    75.596502    75.596502
0.220202    78.088890    78.088890
0.227273    80.580280    80.580280
0.234343    83.070670    83.070670
0.241414    85.560062    85.560062
0.248485    88.048455    88.048455
0.255556    90.535849    90.535849
0.262626    93.022244    93.022244
0.269697    95.507640    95.507641
0.276768    97.992038    97.992038
0.283838    100.475437    100.475437
0.290909    102.957837    102.957837
0.297980    105.439238    105.439239
0.305051    107.919641    107.919641
0.312121    110.399044    110.399045
0.319192    112.877449    112.877450
0.326263    115.354855    115.354856
0.333333    117.831262    117.831263
0.340404    120.306670    120.306671
0.347475    122.781079    122.781081
0.354545    125.254490    125.254492
0.361616    127.726901    127.726904
0.368687    130.198313    130.198317
0.375758    132.668726    132.668731
0.382828    135.138140    135.138147
0.389899    137.606554    137.606563
0.396970    140.073968    140.073981
0.404040    142.540382    142.540400
0.411111    145.005796    145.005819
0.418182    147.470208    147.470240
0.425253    149.933618    149.933661
0.432323    152.396024    152.396083
0.439394    154.857425    154.857505
0.446465    157.317818    157.317927
0.453535    159.777198    159.777349
0.460606    162.235561    162.235770
0.467677    164.692898    164.693189
0.474747    167.149199    167.149606
0.481818    169.604448    169.605018
0.488889    172.058621    172.059423
0.495960    174.511685    174.512819
0.503030    176.963592    176.965200
0.510101    179.414272    179.416561
0.517172    181.863621    181.866893
0.524242    184.311490    184.316182
0.531313    186.757659    186.764409
0.538384    189.201808    189.211547
0.545455    191.643464    191.657557
0.552525    194.081935    194.102379
0.559596    196.516199    196.545927
0.566667    198.944753    198.988074
0.573737    201.365380    201.428631
0.580808    203.774805    203.867320
0.587879    206.168192    206.303721
0.594949    208.538394    208.737214
0.602020    210.874838    211.166863
0.609091    213.161884    213.591270
0.616162    215.376376    216.008330
0.623232    217.484033    218.414873
0.630303    219.434084    220.806116
0.637374    221.151323    223.174840
0.644444    222.524349    225.510122
0.651515    223.388126    227.795436
0.658586    223.498191    230.005744
0.665657    222.492445    232.103089
0.672727    219.834634    234.029903
0.679798    214.730680    235.698835
0.686869    206.004753    236.977303
0.693939    191.915393    237.664053
0.701010    169.881779    237.453586
0.708081    136.074388    235.882205
0.715152    84.800183    232.246220
0.722222    7.578827    225.477841
0.729293    -108.233404    213.956551
0.736364    -281.458361    195.221167
0.743434    -540.015040    165.527176
0.750505    -925.221493    119.160234
0.757576    -1498.294411    47.366250
0.764646    -2350.091560    -63.302247
0.771717    -3615.472297    -233.473830
0.778788    -5494.526014    -494.604259
0.785859    -8284.076986    -894.426630
0.792929    -12424.417681    -1505.491256
0.800000    -18568.606698    -2438.427518
